68	86	62	-34	-99	42	-55	89	-24	-82	93	25	61	-64	74	9	-50	60	22	68	9	0	-90	-41	-38	-87	-25	52	-76	21	-94	65	83	-65	33	19	67	2	-22	21	71	73	31	14	-27	8	95	-99	-18	80	80	30	-68	-97	7	45	-15	-57	-45	4	31	-80	-67	-84	-37	-86	47	3	71	93	-70	15	-65	-41	-90	32	46	-30	-19	-38	-64	-17	22	-1	21	91	-25	-12	-64	30	13	19	21	-3	40	99	0	-44	-15	-55
-83	-12	-33	79	18	52	-86	-39	-60	-49	61	-12	-48	-68	58	88	39	3	30	-2	-93	-31	51	47	-40	-35	76	-22	85	41	54	-61	-79	66	2	-96	-3	73	-37	82	86	49	13	0	67	-61	17	-44	-69	-4	-28	-2	97	39	-44	-82	55	-55	6	38	43	5	14	-93	41	-37	21	-63	55	-78	-79	48	-62	-28	43	-3	33	-37	78	-48	-56	3	-36	73	-70	-90	-34	-72	50	36	-28	-91	-59	-95	27	-79	-94	3	-72	-21
9	38	-72	-57	34	92	8	-50	23	74	0	43	3	59	-91	-17	64	21	-90	23	-45	-29	14	90	25	34	12	5	46	-20	-64	-35	50	-8	-76	-69	-84	53	25	9	21	-90	-18	40	-94	-62	43	-67	-25	-16	80	17	33	-24	95	57	89	87	74	-22	-52	-12	21	-12	62	11	2	-30	12	-62	35	-73	13	-69	1	4	-35	-8	10	31	-80	63	67	-20	-37	32	-71	-11	25	61	-36	-4	-65	21	-90	-46	85	30	63	-23
23	10	-70	75	-40	-9	-42	-36	24	-94	-62	-7	-50	-17	-79	-17	-47	-20	-59	-77	-92	-13	47	-16	59	27	72	-68	-96	-64	-59	75	-79	38	17	-6	75	-66	89	71	-38	2	-66	45	35	23	74	-38	-9	-37	-32	15	99	54	-23	-43	80	11	-76	-8	-66	20	-51	10	-60	63	-20	91	-45	21	92	-31	-36	-96	-46	2	-74	70	47	-46	66	65	44	-68	40	-17	-76	88	1	91	-90	-4	41	-78	67	-73	40	-17	4	9
-75	-19	90	55	21	-82	-51	-58	88	26	35	-7	-23	-60	-97	61	-65	-43	-88	-36	60	-54	60	11	93	-65	-76	19	23	-84	82	58	72	52	76	-53	82	-32	97	53	-43	-88	-88	-4	38	22	4	-78	-58	-45	89	-5	-19	75	-44	79	-12	18	10	22	22	30	36	-95	-88	-5	-79	24	-4	73	0	-68	37	90	93	-10	-99	-75	19	-97	-48	-53	-94	2	68	88	-86	34	-96	72	84	84	75	-55	-70	48	-94	-34	-34	83
36	76	-29	93	98	-69	25	5	4	-37	-82	-80	0	-87	94	94	76	17	-69	-25	80	34	-4	-60	2	10	59	62	77	-50	-81	-7	76	-87	35	-2	30	-65	34	-35	-25	97	9	-24	2	94	28	36	-97	61	63	33	-28	4	87	-16	40	-91	31	-72	-14	86	-46	-34	-6	89	-66	53	-84	30	91	-95	0	-90	39	65	50	89	72	31	-8	96	-25	-54	59	-10	9	20	-24	-34	55	-8	66	-54	35	65	-69	-58	52	15
90	88	-58	-95	48	68	-85	68	24	-11	3	-18	51	-8	74	-47	-31	-13	68	-69	-63	-92	-84	60	50	37	34	-14	17	26	-88	20	-37	-84	-55	-19	88	-22	88	50	1	24	-46	14	43	-51	3	-44	15	-49	39	87	1	35	-18	-41	-78	-41	40	98	4	66	-40	16	57	-29	-79	10	65	88	7	-59	-47	89	-33	-31	-99	56	-8	7	-32	-42	40	-28	-94	15	69	-5	-94	-69	-28	-77	12	74	72	46	-14	-31	69	-1
19	-84	-82	45	-11	-40	-21	54	-95	45	-33	47	43	60	80	-1	-38	86	-31	82	-33	-95	-37	-80	30	86	-35	-50	-75	30	60	22	32	72	-37	-83	-68	53	8	49	5	-20	-6	45	-60	50	-25	-50	-61	-40	49	-72	25	-33	54	12	93	-1	-68	-74	97	85	-45	63	97	-41	83	-43	-82	86	-11	-57	-17	-75	96	-20	-28	15	6	-69	-74	3	-9	-71	91	19	7	-62	-75	-76	31	-74	52	32	39	-53	82	-43	38	-23
73	-59	-45	-37	1	21	-61	-1	-98	69	90	55	-85	5	48	-19	-42	-58	6	-50	-72	17	16	-51	83	23	81	94	-75	35	-67	17	-15	-44	76	-31	-70	68	92	29	10	-79	-80	26	17	6	58	75	-27	-26	26	92	73	-75	86	85	-87	77	-38	1	97	-79	1	-38	21	82	-85	-79	-63	-27	71	18	-75	-83	-80	-1	75	15	8	-20	81	35	-54	-30	90	48	76	92	-17	83	-70	-16	90	-29	-65	-89	8	31	-19	-84
-48	-18	81	-63	-75	71	67	62	26	14	46	22	29	-71	70	-75	-15	93	-94	19	-77	-60	-57	92	-87	-85	-33	-46	-24	-99	-24	82	56	-35	76	0	70	-46	-94	46	-35	93	-10	-33	-21	75	12	83	-67	56	-36	48	32	75	-84	-84	-2	-53	79	-89	97	-36	14	99	71	-73	-84	-86	-61	26	-27	11	20	45	-76	35	10	-4	-96	24	9	-50	47	-10	-8	64	-32	-50	85	37	59	4	-51	-24	-69	6	78	-77	-66	-57
-18	0	9	64	6	-64	84	92	72	89	-40	10	18	-53	89	-70	-70	-84	27	44	-26	-84	46	-92	-37	-83	-87	-48	20	30	-71	6	-66	0	20	-5	-97	-55	98	83	43	-69	28	76	-47	-63	-74	39	-31	28	55	9	-84	-60	-65	-95	-49	-39	72	-60	19	-21	-69	9	40	52	7	34	-77	-35	-38	48	67	-21	73	-92	48	34	-93	-34	20	75	-31	80	68	-95	-42	38	51	-36	43	-45	-34	11	77	61	22	-48	-48	-28
71	34	-59	-96	-70	-97	77	73	-64	14	-76	-96	-18	67	-99	56	27	-56	52	96	-52	10	34	90	96	9	-16	14	85	46	25	-58	-72	84	2	90	57	-38	-13	-54	41	29	-74	28	-52	-2	-74	7	-15	36	49	57	80	32	-35	-71	-90	-96	34	-66	47	83	9	10	43	41	7	12	5	19	46	68	38	-46	-34	58	34	-97	5	13	-49	-72	-9	-30	-68	62	-80	63	-89	68	92	-68	79	-82	-31	28	-31	69	24	-98
49	96	-33	49	36	20	-99	-19	-36	-45	-49	50	0	-50	-33	-62	12	43	80	-61	34	-29	-94	76	-66	85	67	-42	-9	-71	88	-42	-1	-51	-10	46	11	16	-35	99	-60	82	-99	86	-94	6	77	-51	-83	-38	93	93	-61	58	-8	40	-44	-99	4	10	5	-1	71	83	50	89	-68	-59	95	-9	84	-50	37	-91	29	74	-1	-40	90	9	-83	-31	-61	-47	-23	8	42	14	-76	74	-89	24	-54	-81	-24	60	14	-80	47	-27
27	38	-26	57	-51	-54	-76	-86	75	-76	14	95	-53	10	61	-8	77	-97	47	-4	-32	83	-9	-5	-69	-54	58	-23	52	56	-28	48	99	-65	27	44	-2	57	54	-31	-84	81	4	-31	79	28	-52	-1	-48	-24	16	29	96	49	61	43	-50	90	34	37	0	-20	-22	24	-11	-16	81	14	17	-52	-49	-20	-95	3	-51	38	54	-29	14	59	-8	-11	-41	-77	61	50	26	-34	-59	-99	-28	-56	84	26	-54	-99	13	53	75	65
42	-79	-89	20	60	9	13	1	61	-38	35	40	46	-27	10	36	-71	40	99	13	-65	78	73	8	-20	13	-86	25	51	-4	82	-18	25	-76	-1	-95	-28	56	-93	20	27	-27	24	36	-83	7	-55	76	-10	-29	-18	97	97	-6	-3	-15	58	61	-24	32	6	-20	8	15	-41	-86	29	-98	-10	-68	85	-78	-42	16	-13	-16	37	-97	-4	-88	0	44	22	74	73	-75	-32	-69	65	15	11	-30	38	-32	41	-94	20	-11	79	-52
-70	34	53	85	26	-54	18	-33	4	65	27	-87	95	92	5	-82	8	70	1	56	44	-57	-85	-64	-11	-82	-20	65	-88	-49	-89	1	-4	-41	-95	-8	4	-35	-71	93	-20	66	-6	6	37	68	-36	23	-27	38	79	71	-86	-76	-19	39	-59	65	-10	-47	-33	-6	68	18	65	35	-49	-51	-81	-50	-78	18	3	-37	33	-42	-94	-72	-62	59	-4	7	10	-67	-43	-65	-21	23	52	-15	86	-81	-22	-46	-1	-37	-9	-12	71	16
-2	-92	-5	-98	85	-8	58	-93	14	-38	98	38	-35	-23	-82	35	99	-91	0	50	66	-87	-90	-72	90	-48	-13	87	22	33	38	-86	-69	84	54	31	3	4	-28	-31	72	22	67	72	24	86	41	-70	51	-50	85	-71	-63	-51	95	77	-19	-32	10	50	-73	-98	53	75	25	-83	-91	60	-33	-16	6	75	-11	44	73	44	44	-65	99	-35	-78	59	50	86	13	-34	-37	87	43	41	83	32	72	16	21	71	15	3	13	11
66	-6	14	70	-43	-74	21	-88	-74	-4	94	81	43	13	-74	-18	59	73	-18	-20	-52	-14	-1	-82	-20	-91	-50	-67	-20	34	21	-1	45	-66	-49	-39	77	6	59	-54	-98	-71	98	-8	22	-81	32	-71	6	32	-27	-74	-68	-14	63	84	-29	46	17	-1	-39	-45	14	-50	-72	-7	80	14	-79	-45	60	34	-17	5	-54	-42	-66	-74	-85	55	-27	-87	45	69	2	69	-91	52	-20	67	66	3	62	-49	25	9	-17	93	76	17
28	-75	47	27	25	-90	-45	52	61	46	-4	-89	-70	-64	-75	97	39	-55	12	-6	-17	-23	-63	44	-36	83	-1	-14	-24	57	49	-52	21	-86	34	79	-16	-89	15	-81	-3	0	63	17	-40	-67	-11	-33	-97	-87	58	-10	96	65	83	50	68	-23	20	70	-19	-57	22	48	-30	-62	72	-15	-8	6	57	-33	-79	-69	41	-50	-19	-66	-72	-33	47	57	46	58	-3	24	74	-44	91	-90	52	-33	47	-50	-87	-93	-65	-55	58	34
78	44	67	-33	-7	61	-13	-50	1	26	34	-36	-33	-40	94	-26	57	36	-77	-54	72	79	-48	34	-55	19	62	-62	-46	45	59	21	-20	-4	-66	23	-73	-78	8	39	-53	96	62	75	67	89	43	65	-18	-62	62	-88	16	0	-71	-40	-54	-30	-15	-54	70	-33	-10	-90	88	-10	-61	52	82	77	1	-19	28	57	90	-50	18	4	29	-44	-57	-41	23	-70	-20	-63	-99	-81	-67	-48	-8	63	-29	19	2	66	14	29	-72	29
25	-39	-85	84	31	-85	-35	15	29	-92	95	1	-52	-82	-90	-61	-42	-97	-38	38	-29	64	-64	-7	-37	40	-42	75	28	-28	99	10	-67	21	-28	54	71	27	-12	-79	72	-75	-19	30	1	-30	58	41	-59	52	-29	-2	72	99	-98	-48	53	74	43	-44	31	95	-68	-80	-82	71	-27	-69	13	-13	5	-2	-32	91	49	-71	55	69	96	33	39	-35	-30	50	-11	24	-49	21	-24	93	97	86	14	28	-50	-9	-73	73	66	87
66	-89	-49	-42	9	-53	75	-40	18	-43	68	68	-2	-19	-74	-53	-77	68	11	36	69	-3	-91	-89	76	-14	68	-9	-24	94	32	-62	-2	-12	20	-91	-45	62	-26	-12	-26	-52	33	-36	-23	63	-48	-73	-29	-77	-65	38	33	-29	28	-84	65	-18	34	67	0	-65	-94	-49	85	-15	-83	-33	-99	-53	-65	-86	-27	0	26	91	-50	43	-63	7	34	54	61	-53	29	31	-98	76	74	-58	25	-94	-53	68	18	-36	54	47	44	-85
-7	48	6	-70	-73	-50	14	-86	-16	53	-2	52	99	96	48	-1	-1	-50	79	-49	14	-59	-3	-85	-81	-61	28	-49	14	-99	45	83	85	-29	97	-94	36	72	-56	11	-41	-87	-46	-19	74	-63	-34	34	66	-80	97	70	-96	21	38	-73	-81	43	-46	-9	97	-20	-45	66	-34	92	0	41	37	59	-1	67	9	-63	43	9	-65	83	-31	-59	60	88	80	-77	-4	77	-59	38	-55	92	-23	-52	-42	-87	38	67	79	50	19	-29
-34	-86	7	-81	92	-94	-25	15	-64	-9	-47	-71	-79	63	72	8	-55	70	-71	-8	-35	1	-80	-79	8	63	25	-45	19	-5	64	-14	35	11	0	16	86	-84	84	37	-48	-77	-56	51	-66	22	24	79	55	73	-96	6	-49	11	-63	-37	-36	73	-36	75	-18	11	64	52	-41	34	14	71	83	48	-34	-25	70	-97	-7	-15	-37	30	-71	-2	25	-17	55	-39	84	-7	-99	-20	15	-96	-83	29	82	63	-81	65	-1	-94	53	0
-83	39	-83	89	-77	59	-91	-83	21	-55	14	72	-74	-12	-25	27	86	41	-61	-31	91	94	58	-78	-74	-11	-76	-37	34	59	44	-60	30	-96	-13	-92	-2	-10	-1	92	34	-88	-33	24	72	43	58	12	66	-27	57	27	-55	-31	-49	65	38	52	-31	60	-67	68	-43	94	-68	38	-17	3	-6	-28	-73	-19	47	-74	-67	45	-81	14	96	-80	-78	28	0	99	-90	35	-3	-90	58	-99	-94	65	36	39	59	26	-31	4	66	-31
7	-70	92	96	-34	-1	-40	17	-24	-97	35	17	63	81	-42	-93	-67	59	11	-50	55	89	-21	-4	15	57	-1	19	-73	-13	-63	-25	16	51	74	-93	96	42	93	78	-70	14	-90	-38	-69	-36	-32	-69	92	-29	52	-53	37	30	-33	35	50	64	-94	42	25	-52	-91	-65	23	98	0	77	0	-77	-16	-60	-27	-31	-23	25	22	78	-20	-10	-50	-43	-2	-82	-82	95	-30	46	4	-68	-68	95	-84	-99	69	54	-75	90	-48	51
-52	26	-51	98	82	-97	45	-7	71	85	0	-96	-38	98	-32	0	-63	-23	92	-56	50	33	75	80	-23	74	-13	-78	29	21	-40	-63	60	-26	-60	50	63	-55	20	19	59	20	-27	28	64	53	42	83	79	-22	57	99	-8	-9	86	24	-62	84	11	9	-14	-88	-95	41	84	97	31	87	42	13	-18	-35	-89	-25	59	-40	-88	81	-23	95	90	39	83	-41	-27	28	-19	-41	9	-11	-12	-39	-86	0	-64	-98	-53	-7	56	-97
-50	-49	-91	-10	2	7	-88	-10	33	-54	-19	48	68	-96	72	-7	54	-56	-50	90	59	61	47	-16	53	46	15	-57	-62	-77	-95	-26	-50	-30	60	-11	-83	-63	-16	93	-47	1	22	96	88	-46	0	26	-18	-60	-68	93	-6	22	61	58	-92	20	8	-13	-40	3	94	-11	14	-43	41	-56	-4	58	57	83	22	-38	-52	97	3	83	25	82	-72	31	7	-86	40	-19	42	93	-47	47	73	78	19	39	42	-16	23	-77	15	95
-50	-90	69	-82	-75	-74	-98	-44	-9	-11	88	0	-22	0	-46	-88	-92	86	99	-54	-26	-30	-84	-25	-59	-62	53	-62	46	-69	54	-33	-33	-40	-83	-92	-30	64	14	-24	-25	-57	-67	67	-93	13	19	60	26	25	-76	-46	-88	53	-76	-21	-62	97	-46	-54	-97	-61	74	62	-2	-11	-69	68	-77	-8	65	-37	56	-93	-93	-75	-78	10	73	14	97	71	-89	-3	-4	-39	-85	-65	-41	93	91	-74	58	-57	-76	72	-9	15	18	-69
90	59	1	48	-54	-88	-20	74	-4	-18	51	-60	-38	-86	85	-31	-28	54	-84	-10	-43	-94	4	88	-15	-86	-9	71	-49	-30	-75	61	-56	25	-42	-59	-34	95	-25	63	-30	-52	33	97	-13	98	-45	-45	-39	85	-67	24	2	-86	75	-14	-32	-76	-12	-11	86	74	41	-48	0	-38	-45	-76	-71	-76	-26	-71	-76	-57	11	-81	87	4	11	-59	-4	-49	88	24	-65	96	-7	-63	0	13	-30	88	84	61	38	-60	-43	17	38	-70
-74	-19	13	-99	-1	-20	-57	-58	-6	8	41	21	-44	-55	-87	81	57	-15	-53	-16	-80	71	95	48	-42	-7	96	-8	-89	29	39	-38	16	-3	-76	-46	-9	-53	97	-83	58	50	-15	-39	75	97	-43	41	-84	-90	82	83	46	76	87	-60	30	59	59	-19	-63	37	-3	89	-39	53	98	88	30	49	15	-91	-22	28	-63	-27	-33	-72	44	-45	18	-4	76	82	-66	93	47	87	12	8	52	-99	33	-94	2	-10	-62	43	88	-39
17	-71	49	-78	36	-40	36	-76	-69	-44	54	36	-22	-22	-49	61	-7	10	-70	59	26	-76	67	-92	-62	-95	-98	-21	-21	-97	-66	44	31	-52	12	-80	-53	59	-50	98	-36	32	34	69	99	-91	-89	-59	46	64	-94	-21	68	0	-21	16	44	-12	-36	16	-37	-13	36	-1	-82	78	-85	57	36	49	-99	3	25	-70	85	-24	-73	-86	49	77	-24	-77	-64	19	56	66	-93	27	95	42	92	-34	31	82	31	-58	-39	22	27	50
-29	-84	73	52	-12	-19	83	21	26	-30	65	51	-15	83	26	-36	18	-38	-51	-17	-45	8	-44	16	-38	-64	61	62	91	57	-22	51	90	97	57	-86	-24	-79	-22	4	41	-43	-74	6	96	-58	-79	-30	-86	-37	33	-28	49	52	-24	-28	-52	90	52	-52	-72	-2	-66	78	-22	-57	-64	-51	79	-41	71	-37	0	73	-78	63	27	-3	-35	16	-30	40	-35	-40	76	76	-6	4	89	39	-43	53	74	72	41	54	5	-98	-33	-92
71	-13	-18	-28	-28	13	42	-81	49	25	-61	-55	-91	-80	-90	77	-1	-58	-40	37	-61	-13	48	14	4	74	-39	-17	-96	-22	-34	15	-93	-49	32	-58	-33	-64	0	-34	-4	36	60	-45	27	-48	-28	66	-70	-12	68	-15	-49	-56	-20	-36	2	98	-18	-24	-42	-98	94	-35	87	0	-6	87	-64	68	6	-79	-61	-64	43	87	64	-52	24	89	-69	36	47	67	-66	-79	-98	-36	91	14	-44	-81	-31	-63	26	16	77	74	87	27
-27	-33	-1	56	-9	-77	-36	28	-37	-95	-63	-54	-19	-39	3	-55	51	-2	74	37	-69	37	-47	-78	43	48	-55	18	-54	53	-99	-23	-97	27	-59	67	-27	46	28	-37	-72	66	24	33	79	20	19	-1	-29	5	59	22	80	62	-37	-5	52	71	19	32	-65	84	49	69	63	48	67	-71	-90	33	-96	30	30	-36	2	-61	-56	25	69	-92	-51	-84	4	-22	-50	87	82	47	-12	42	-13	-28	66	61	89	91	-41	22	-2	63
83	-25	-52	-83	-72	0	79	62	-78	83	66	-12	-76	24	-27	88	-58	-72	-99	74	-10	91	35	43	-87	62	-90	63	-57	6	-92	-11	20	-63	-55	47	-97	56	-49	-91	75	77	-23	49	21	29	43	40	30	9	89	-19	94	95	-82	-2	74	-7	-23	54	71	8	0	83	37	67	17	18	-96	-28	78	19	-1	40	0	71	-36	-84	-76	30	-61	47	40	-56	-34	-53	-94	58	-29	89	7	22	-26	-86	15	64	-86	71	-79	-62
68	86	-90	-28	-85	-74	-56	-79	-82	-48	-53	94	-98	-42	-90	-34	-83	-59	59	40	-9	76	-9	-48	-95	-98	-49	21	24	39	-38	20	60	42	53	16	93	36	-38	-4	-59	-12	-61	-44	26	29	67	-11	-39	95	-77	70	-33	-63	74	1	62	-77	32	-51	-75	99	-89	-10	-57	84	81	-97	83	-30	83	4	-66	54	-5	18	-21	55	-3	90	-82	-3	-26	-84	-30	95	-13	12	-38	-44	-62	78	12	23	95	46	-29	20	22	67
-13	-88	84	35	-29	56	1	-79	5	18	-6	-35	-20	37	14	70	-95	-69	39	-67	96	19	40	21	-22	0	75	70	0	19	70	-79	35	-70	-1	-21	56	0	44	82	96	-33	-98	-43	49	-14	73	81	-8	48	74	-94	83	-34	28	-93	-4	-64	-43	-74	39	12	29	-23	58	-92	-56	-30	63	-20	-16	-84	68	-68	-39	74	30	36	-59	-21	-53	2	63	8	26	45	-60	-98	32	-97	-79	66	28	92	-21	-46	58	1	-19	-29
23	-68	-9	-40	-63	76	-65	93	-99	75	34	-48	61	79	34	-89	39	-23	40	81	51	-23	-93	-4	-20	-58	-70	11	32	10	-51	17	17	0	-86	-31	39	-40	-68	88	95	-4	-40	-16	-45	87	44	63	-5	-12	-59	-94	-71	76	-58	17	6	-3	94	19	-12	-5	6	-76	81	69	45	-16	32	53	-32	1	16	-40	-31	67	69	23	-71	-39	0	68	98	45	-55	-10	-20	-19	-94	23	-56	-40	-26	50	-91	-90	29	89	49	60
51	-57	59	61	-51	-49	39	69	-67	-15	39	-24	27	68	-7	24	-42	-55	88	80	69	48	-16	-28	-40	73	-48	84	-45	-56	98	-50	62	14	-83	94	5	-84	-91	-90	-41	-89	-39	68	27	98	12	-92	43	15	65	79	97	-72	-76	-53	25	-81	-47	-66	0	-58	-78	-6	36	19	86	46	-13	-98	78	-53	-17	82	31	37	13	-97	21	-68	56	55	50	-14	-52	-33	35	57	30	-36	-63	78	40	68	21	53	-88	-80	84	-89
12	-21	60	56	66	21	-16	11	87	39	-82	79	64	70	-45	80	67	-83	49	84	-62	-15	-21	-36	-55	-93	45	0	5	37	3	-99	-8	55	-4	-95	-80	-71	70	-33	21	-74	-7	-66	-17	13	6	-72	-71	-24	55	-52	8	70	-79	-85	-4	86	-31	-2	90	-11	82	-25	29	7	-48	-45	96	-92	83	-55	-65	-74	51	25	13	-3	-8	67	-9	41	7	-11	-50	6	82	0	71	-36	-54	78	60	-64	76	68	13	19	-11	3
-83	88	-99	48	-93	80	3	90	-8	-98	96	-60	33	13	-42	26	-83	-37	-31	-30	-15	1	-55	82	43	75	-28	-49	18	-30	3	-56	60	26	-12	-96	66	-2	-7	90	85	74	-54	98	-88	-30	-6	-58	23	78	31	97	-70	54	-75	-30	-43	37	97	-96	-50	-99	12	-55	2	-20	-92	65	-62	81	-58	71	-34	3	81	33	12	81	77	-70	50	21	29	10	-11	-99	48	75	81	16	-83	25	52	-4	93	5	-15	8	-86	72
3	46	-3	68	39	68	7	-38	-55	-17	-14	-26	-45	-81	82	0	-46	-24	-56	32	7	29	85	11	-47	68	-64	-72	-84	-89	-72	-39	-6	1	6	8	-78	12	73	51	-33	18	-4	9	-49	89	-80	-2	96	-64	-72	-72	-2	-34	-57	-32	77	-70	-92	88	85	-49	-41	-46	21	-55	-21	-9	-40	-90	-79	-1	79	45	-63	-94	96	-15	42	-63	-31	96	76	-42	-11	-23	7	-1	7	-78	-80	-70	-84	-78	-94	-44	-58	-71	-76	-46
77	-14	63	0	6	37	-39	-88	22	-29	-89	-91	73	-98	-13	3	-83	54	51	55	-60	23	79	43	-81	59	16	26	2	-92	-82	-68	52	76	99	-20	-78	-94	-85	69	17	72	-4	72	98	17	84	-51	-91	96	43	92	-69	69	-92	-3	-95	-21	37	-28	-98	-19	-36	12	4	-58	-94	67	-39	-43	-23	22	66	34	-25	72	-44	-16	40	10	99	83	-29	97	-51	62	88	97	-77	-14	7	-10	-41	7	-48	-8	-78	-60	-24	57
-61	-65	-57	-36	21	-55	-69	69	-70	68	81	52	92	-39	-95	-1	-15	-4	57	57	-29	-7	59	77	39	76	8	51	-29	-57	11	-46	2	82	29	11	-10	-12	-18	-92	52	-22	-19	59	-4	-12	-96	33	22	10	62	5	15	-17	-52	-70	-92	-94	-14	8	-21	-88	20	71	-28	2	-78	-96	3	-31	-98	45	-11	-8	-16	-89	-34	-64	-67	-53	-69	69	61	1	93	76	53	-8	35	-67	-34	-18	-26	-11	-88	-64	76	-23	36	-5
74	58	-57	7	87	-58	-14	31	-58	-83	-35	-82	5	-57	-73	-92	-75	53	-21	81	75	56	-55	-18	-93	85	89	-18	0	-45	-74	-19	34	-9	53	-93	-32	66	93	-72	-70	-22	72	46	46	-69	-84	-7	65	38	38	47	-50	-49	-20	30	-27	-30	49	-94	-14	72	80	-26	11	71	-59	4	-89	-66	85	-13	-57	-63	-79	81	-74	91	56	-13	73	-6	-86	90	87	-87	-76	81	66	-40	-55	39	31	-65	-37	-11	-81	-25	19	94
-56	57	-77	0	49	-69	16	-41	-73	-53	56	24	99	-22	-42	10	61	42	-71	47	-26	-61	38	-85	-36	34	-58	-26	54	-8	-88	83	-75	54	-97	-57	39	84	-99	20	-46	47	-75	53	90	-1	-98	-68	-30	99	0	-88	-91	93	99	29	12	86	-10	-80	60	90	87	25	-24	-10	-83	23	81	74	12	-44	-73	47	25	34	67	-76	-83	73	-56	-43	78	-28	41	18	69	46	36	-69	20	50	60	-11	-2	-17	-23	45	37	26
-23	-24	22	59	56	-14	4	33	-82	5	-29	-2	-10	36	52	66	-29	1	-34	10	64	9	20	-90	-64	-3	-24	-41	-64	59	-22	93	87	77	-55	-14	-74	32	-18	-64	-32	60	55	-36	-44	24	-55	-89	-92	40	35	13	78	45	-34	-71	6	10	80	96	-66	-95	11	-93	-80	-84	-49	45	-58	-61	12	-6	-74	-7	-58	15	49	0	7	-62	-74	-24	26	-97	31	53	-30	8	95	48	-25	1	92	59	9	46	-30	-97	78	-12
40	-16	23	-75	-75	-12	-46	90	-42	93	67	38	13	83	-28	77	-42	51	-93	85	-52	31	-63	49	16	-61	-7	57	70	22	97	-72	89	51	55	-10	20	87	29	-28	44	73	-98	-37	99	97	74	-84	-68	66	-69	-84	7	-5	-30	-70	-46	-30	-76	27	38	-60	3	42	-46	-34	76	45	56	12	33	-23	-28	-17	37	36	44	-84	24	-35	-56	48	-39	-8	-18	48	8	-70	19	-38	88	-31	-53	58	-95	-90	18	41	-67	-92
6	42	70	-75	9	80	-57	-74	42	-11	-98	93	-43	-2	52	90	62	-16	64	-13	31	37	90	-42	-75	-51	-31	16	58	-88	49	-71	72	-30	17	-85	22	-25	-64	79	96	44	85	40	-42	-76	-31	79	-55	-63	-20	44	-36	68	72	94	16	-7	26	-83	-90	-97	-4	26	88	-5	21	90	20	-39	-16	-56	-53	54	56	-13	29	94	-78	-54	-58	33	41	-68	-85	51	39	-67	-72	30	28	-89	-12	-41	29	-86	-90	-80	-19	-45
91	46	34	-14	-78	39	-61	67	72	0	14	-73	-91	-70	-2	-92	-87	-15	-30	88	-71	-64	1	81	-21	56	-15	-88	10	10	59	-23	-64	-78	1	94	-55	3	30	57	38	32	-88	-96	-91	-82	87	61	93	-83	-2	17	-71	47	-25	88	-42	38	-37	-21	41	90	94	39	-54	-84	61	-63	-64	48	-49	-9	54	2	14	-74	-71	73	-51	58	-39	18	16	86	71	-86	-72	-14	90	9	29	7	7	11	53	-31	-17	79	55	-86
65	-68	10	-32	40	-6	-93	18	10	-72	-24	-49	42	63	-38	-20	54	-56	58	42	74	69	56	6	-64	49	96	93	-59	54	-19	95	52	30	38	-62	96	22	-33	60	-50	89	71	0	56	-25	72	-41	-97	17	-62	-60	-4	10	-66	-54	-54	54	70	-22	-36	-10	-2	23	28	34	-1	26	47	61	-4	8	-71	-21	-12	1	-86	92	-87	83	-8	27	79	-48	-22	-38	15	30	-56	-68	-74	40	13	54	-90	-9	49	0	-28	9
22	75	64	-90	-1	-24	-54	-23	-39	8	90	-24	87	64	70	68	40	-21	99	3	-1	-65	56	-94	93	-4	27	96	42	40	55	73	-24	-24	34	80	95	10	26	-40	-19	32	48	-41	-61	6	-90	-71	55	20	0	-78	77	-20	-89	43	75	20	22	-23	51	30	-22	-95	73	86	79	-65	-75	45	26	-55	-9	0	-23	12	46	15	-63	33	19	99	45	55	30	-98	-63	36	-48	69	43	86	79	-43	-55	-67	-22	41	52	-80
81	-78	-97	-38	43	7	19	-25	98	-24	83	37	-5	-91	82	-39	-93	-80	8	-99	82	89	90	98	-62	19	-3	-72	17	-10	93	-1	-30	57	-41	-97	-63	-16	-96	57	43	-71	-25	17	73	-8	-69	62	-36	-41	53	-71	78	49	-41	83	30	3	14	24	70	53	76	94	-73	87	-90	-73	79	-41	95	9	-27	-87	71	91	0	52	85	98	-67	69	34	-43	-56	36	82	-4	68	36	-29	-12	-13	-19	-84	-81	-90	76	-4	-26
1	28	-50	-11	61	51	29	79	-77	-81	74	68	98	25	-52	-83	30	18	-67	73	29	-15	10	18	3	-34	56	-25	-17	60	65	-21	-95	-28	-94	97	11	2	-16	-29	96	84	8	90	-50	41	25	-57	-15	85	77	21	-33	-89	89	-72	10	-69	76	50	25	-88	-62	97	-19	-57	43	11	83	60	-71	-51	22	84	-93	46	0	13	-58	18	-16	-54	-93	-65	2	-47	-16	58	-21	-83	-39	-64	-6	54	32	-71	43	50	31	-61
14	-63	-55	90	69	81	-46	-50	-40	-30	47	-32	56	-12	3	35	-21	-83	77	66	31	-98	-60	22	-74	-21	-6	46	36	-9	16	-12	-42	-59	56	56	-52	-15	85	-86	20	-61	-93	-87	-77	40	96	-70	-71	-51	-60	-40	40	-73	84	-48	-86	-28	3	-82	-30	35	-18	13	-68	-94	-23	-38	-24	26	30	18	-36	-7	89	-62	5	-33	96	-34	58	38	40	51	42	-22	64	58	-42	27	-52	-6	-48	-49	63	33	73	46	34	60
46	54	90	-81	-12	57	-12	97	-9	-72	-85	78	-36	96	-68	-23	77	65	0	-78	-90	-9	23	11	33	40	96	-47	-43	21	-85	3	-78	34	-82	-12	30	22	84	27	-24	67	87	-97	7	-36	27	-30	-75	24	-57	-39	-92	-89	-34	-94	94	-20	12	-11	-5	52	-61	-30	57	43	-92	-7	-74	59	9	58	-40	-59	-22	-27	58	-95	6	46	87	75	57	-19	-98	97	49	51	-22	46	44	-86	-85	50	96	-38	-42	-16	67	63
31	-56	41	-81	-75	-11	-13	-30	-80	69	-16	-12	-87	78	47	-8	-11	30	-55	24	-46	-80	79	-87	-17	76	-24	49	95	17	13	99	-52	31	-65	18	83	16	-26	60	94	-21	-9	-59	49	-61	-22	-80	-54	-83	31	-28	-3	44	-64	99	85	-16	81	-41	34	-81	42	-23	11	-58	31	61	80	-65	76	-41	16	-10	80	-27	62	-99	58	-70	-8	13	0	-88	-21	-93	55	80	57	1	6	5	32	27	-65	-65	-38	-64	-86	-78
54	-34	56	45	47	52	6	-40	30	-96	-20	-6	44	85	39	-1	50	-80	-19	62	74	-19	20	73	-83	87	21	1	56	45	35	-2	48	-13	26	-91	-48	39	-55	-89	94	56	66	7	86	-77	-79	37	38	-31	-91	26	77	47	-48	6	51	-57	3	75	-33	-36	73	72	15	23	11	-4	-33	97	-73	-85	95	42	40	65	-13	-78	97	-50	6	17	-17	89	-15	25	36	83	91	-54	58	72	12	-67	90	87	-61	-53	-48	-71
56	40	24	-74	-29	93	-12	-56	93	-1	-62	-85	29	-59	-1	-1	49	85	85	4	-3	-12	91	-62	-16	-23	67	-5	-65	-27	61	-19	-8	-27	15	-1	63	60	-42	54	24	-20	28	26	-55	14	81	-46	-22	-40	20	62	-86	78	-86	73	4	-17	9	-20	-19	-99	20	4	-7	-37	42	11	-95	-57	36	-10	66	-71	-91	-40	-37	37	11	-48	72	-33	-10	-27	0	46	16	34	66	33	88	3	-45	26	79	4	-46	-94	3	95
-63	-39	-4	56	4	95	88	83	-89	67	11	82	-70	-59	-5	-10	-80	24	24	41	55	63	84	-74	-24	-2	31	20	-31	1	15	18	-15	-50	-15	86	59	-34	0	67	44	45	70	-27	-6	7	16	68	5	-5	64	39	98	89	16	-84	-58	88	72	-97	-6	74	-53	-87	5	94	59	-32	94	8	86	-42	80	-99	-7	42	24	66	-23	-53	63	10	33	-24	-2	-26	6	45	-92	90	68	46	-13	-70	56	3	35	-65	83	-6
60	86	49	-73	84	-62	-98	73	10	-63	-1	-50	-82	98	-39	-7	44	-16	-60	-2	-64	33	32	30	36	-46	-94	64	-65	0	-78	-21	-24	-90	58	30	-48	-91	-74	39	-48	22	46	-39	32	-49	-13	53	-90	20	-44	-44	-63	3	65	-28	34	20	88	22	-73	-32	35	-17	14	57	-85	52	-53	97	64	68	11	-29	-71	-30	-63	54	-31	3	94	10	78	-54	70	41	50	60	-46	73	-23	41	-55	-46	68	-93	47	-84	24	22
-11	-75	-46	55	3	60	79	74	-73	-35	-98	-80	-15	53	65	8	50	42	54	43	-14	55	59	-46	-13	-19	-59	18	-77	-64	83	-58	-25	-85	-35	-54	-64	-55	19	77	14	19	-25	66	5	-46	-3	35	-36	22	-51	-59	-47	-51	-61	87	-85	-51	-94	64	-7	40	-12	81	72	52	65	-32	-28	74	35	-73	25	35	42	-65	-37	-97	-4	73	-45	47	15	27	-4	19	1	16	-60	-9	-61	62	85	-60	-67	-16	65	50	-55	18
10	-49	-92	71	-84	-69	64	63	-60	29	-15	5	-5	32	-24	30	54	96	-59	51	32	-8	-95	-65	-45	-51	-91	84	-50	86	-49	62	73	-98	32	31	-83	-18	72	-47	-32	-26	84	69	-5	5	67	77	20	34	7	30	-18	55	-24	93	-84	-72	24	-86	81	-47	-16	-58	-65	84	-91	55	96	-13	-23	65	22	7	67	56	39	90	-74	-80	-19	72	-82	96	44	4	-22	44	7	55	88	-68	75	80	-40	57	79	-48	-61	-75
7	70	-22	-9	-30	56	-91	-42	63	12	89	-53	-12	26	-36	30	79	22	28	-94	-27	99	41	-19	49	97	-62	-15	82	58	62	-42	25	-89	0	31	0	83	-55	-98	-15	-53	32	-30	-64	-8	95	34	65	-74	12	31	6	98	53	-87	2	45	7	-43	-71	-10	28	13	-12	-50	62	-23	-17	12	82	61	89	94	27	64	-93	29	3	22	-47	-11	-13	-79	46	-47	-38	16	79	-40	-90	18	16	-59	-2	-84	-53	65	40	-13
-80	-66	-92	63	14	99	57	72	-35	49	47	17	-65	2	-97	49	-32	96	26	67	-94	44	-29	17	-85	15	-62	-31	-69	-22	-48	-70	15	2	-25	51	92	-91	-99	-54	39	97	33	-53	33	39	43	30	55	-85	-43	-97	29	-99	26	-86	54	92	15	80	46	89	29	30	33	13	-65	-44	22	97	7	-73	3	12	77	72	41	-2	64	-3	-44	91	90	-48	32	66	75	-68	67	32	92	84	13	33	-97	-29	3	30	39	52
-46	20	76	-27	-16	73	-84	63	94	-39	88	-1	-73	79	31	-71	-56	22	65	15	-72	66	39	28	-81	-85	6	63	90	51	-30	15	3	65	-37	91	-78	-19	-88	7	-73	59	30	92	12	21	-22	38	30	7	92	41	-98	24	-92	-49	-4	88	67	85	-66	-40	34	22	95	-73	23	-57	-17	-18	8	-21	-45	8	44	79	-25	-86	85	-1	-47	93	90	75	49	-78	80	42	-90	3	7	27	27	-99	-6	-23	-30	-57	87	-70
-30	38	-35	41	33	-88	-78	-25	87	2	91	-7	95	77	-25	-99	-31	49	60	99	44	68	34	17	55	-9	-70	61	38	14	-78	91	-87	21	-95	76	4	12	34	93	-49	78	-92	-59	-2	40	-84	-42	8	-89	-89	-1	-26	32	-33	4	17	27	69	5	89	-77	86	86	43	75	-28	47	69	71	78	92	-16	42	-92	24	-14	58	40	-91	-75	61	56	-8	13	-71	63	35	-86	57	54	-98	70	78	-70	75	-32	-38	-61	48
-66	39	-76	-40	-96	-72	54	-13	8	43	43	14	-7	12	7	-18	-81	-33	97	-7	1	-68	-70	-2	40	27	42	-93	-3	72	-85	54	-17	-22	82	90	-79	45	75	-62	-47	-97	13	49	-3	-79	51	1	5	-79	-11	65	13	91	31	79	40	51	4	-55	-88	40	-49	63	16	-30	52	-58	-7	30	-94	63	56	-53	-83	7	-54	53	53	74	6	83	9	99	-63	-41	-13	0	46	-14	-10	-7	-72	-64	21	60	58	29	10	16
25	-24	-22	28	-7	97	62	29	-99	-16	-46	17	96	38	41	20	59	-79	-60	-9	30	-42	11	-16	-14	40	-65	-66	-30	-21	-81	-37	-99	73	21	-16	-80	-71	-6	-96	-86	86	68	-70	65	67	-48	3	75	-61	-91	88	12	-95	-51	12	91	25	-34	40	56	80	-15	91	55	-87	-30	45	36	61	-47	-92	-17	40	-20	-24	-39	-83	23	-52	36	66	-20	-83	40	-82	73	30	93	82	-15	73	22	-52	-21	38	75	20	9	-54
-81	-96	7	-90	-32	-76	51	-3	38	91	-35	-97	34	-54	-75	86	62	-91	-48	12	62	50	10	-1	-31	-75	80	23	-55	-96	-82	93	-57	-63	-71	26	20	-59	68	-73	-17	-59	-67	-64	-42	24	-13	-14	88	-73	81	-26	66	45	6	-99	88	-78	76	76	89	-24	-90	65	20	-76	-34	47	-97	10	88	-98	49	-87	-22	-32	-87	-55	-64	44	-11	-76	-21	-20	-53	80	26	71	-97	22	98	-10	-82	46	-61	61	94	-89	-64	28
29	9	-73	-76	12	-33	44	33	28	-97	-54	-59	43	57	-82	-82	-4	18	-88	60	-96	-80	-38	6	-28	85	75	27	97	10	11	26	-4	-14	-21	43	-64	-75	-35	65	3	91	0	25	-4	-11	66	45	-4	78	30	-91	-40	24	-34	58	-99	38	2	62	3	11	51	-21	79	-76	87	55	68	-27	-41	-67	-34	-46	-19	48	23	-7	-64	-13	-73	-15	38	-19	-30	96	64	75	-12	36	69	37	5	36	-94	-97	-86	38	-83	98
-72	15	49	41	66	-76	-85	-3	5	74	95	-88	80	-74	-81	75	4	-40	-87	-72	-37	-54	-20	-8	92	87	88	-46	22	7	95	-55	11	32	-29	-78	-27	8	-31	-37	-7	-89	-89	-35	70	3	35	-9	-66	5	-91	57	77	13	-77	75	37	-9	-65	0	-95	-79	23	-93	29	49	95	-38	9	-23	-79	7	4	-2	40	-21	-32	-45	84	-7	31	-77	46	-88	7	-49	76	-68	-12	-80	-95	13	-8	29	79	8	-27	-78	-46	56
99	10	-87	-75	90	-61	46	-8	69	81	24	96	-59	-91	51	-9	10	-40	-81	15	27	-96	88	-70	-76	79	-93	49	-1	-80	-86	-97	15	-7	55	85	-9	60	-46	-50	-89	22	-77	21	71	-68	77	60	-35	63	-66	-51	64	-45	28	-95	-95	-5	-22	-35	25	90	40	-90	88	13	34	-22	-21	-63	-55	-84	29	-35	-34	46	25	-79	-82	60	12	92	25	-9	-90	71	-81	-70	-19	-13	-1	-45	72	-1	20	63	-70	39	47	33
21	-57	-12	-7	46	-38	26	27	-15	-70	43	-42	2	78	-85	-65	-93	95	-95	98	82	-43	16	-38	11	-2	35	-56	89	45	-5	42	-26	-48	-75	66	0	-30	-41	63	72	19	-37	-14	-94	-35	-66	66	71	56	71	87	36	-37	10	-43	-41	73	68	12	96	-67	-93	-5	26	-6	-58	18	17	-68	12	35	-57	-12	28	75	12	-74	-47	41	33	-44	0	23	42	-6	-89	88	60	-52	-4	-80	-87	72	-5	10	65	-19	-16	22
93	43	99	-66	29	-71	43	-92	-27	1	60	80	-9	-20	-42	32	-83	65	-55	-28	36	-83	-15	55	-26	-60	43	-55	-5	41	32	-44	-86	27	12	12	-77	-72	-88	56	37	-82	-61	41	-14	-86	8	-50	93	-77	7	73	98	33	-23	7	-28	-90	-89	78	20	-29	-84	65	1	52	-66	90	73	85	51	95	62	14	-31	-31	-97	86	-77	55	-90	-89	71	28	69	-28	-98	79	-73	-8	-66	-1	-73	-47	-20	71	-2	-65	-10	-85
80	22	-97	85	-9	-46	91	-13	-54	-28	36	74	-12	60	-33	94	-92	-88	-6	-53	-92	35	95	48	29	-93	29	-66	-13	37	-63	29	44	-12	-90	-98	40	-62	75	80	-49	57	-98	31	-30	27	-94	68	-84	-30	35	-48	29	98	-46	9	84	-2	28	0	78	-35	5	30	88	-19	-61	39	-98	-18	-25	-32	-67	27	22	12	-63	39	-11	-38	96	-90	-16	99	-78	5	27	0	22	20	40	-46	-33	83	-48	39	44	-85	-66	4
92	86	2	73	-58	2	-15	32	-21	5	-86	-41	82	-10	-47	83	-23	14	88	18	55	0	8	-40	5	22	-25	49	-76	5	-52	84	-50	25	64	61	-43	50	-17	-45	39	-1	-15	27	-19	16	0	2	59	-56	24	10	22	-2	23	78	47	-91	-84	-98	62	-82	85	-60	96	24	-44	14	2	-5	-16	53	18	-57	18	-9	56	-85	-50	-79	-8	16	27	-2	-55	93	-86	69	-38	-46	50	-10	-11	94	-97	81	-97	-38	19	-53
44	-26	27	-80	-77	-87	9	-24	0	-57	-39	-63	84	-78	53	-41	-29	-99	-59	89	43	-17	-93	22	-18	-53	2	-30	-24	-26	-87	-65	-73	42	43	41	58	-13	0	-6	-7	-55	97	88	96	-98	-92	-6	-39	96	-49	17	77	42	-91	-28	7	44	-52	-45	-1	-88	1	-19	71	-78	-28	17	-92	76	-71	23	-45	-61	4	-70	3	60	-57	-48	18	-15	54	-3	-27	-92	72	21	-36	-12	-64	39	-96	17	3	-28	55	44	-41	-5
49	-37	-28	37	31	38	88	81	16	-5	74	75	53	-41	-83	-37	70	26	-75	34	99	-64	75	-36	-98	-81	69	91	-61	32	-75	-7	98	-74	91	-84	97	-67	-9	64	-96	31	6	59	55	-30	48	52	66	39	52	-29	49	-52	-78	92	-40	80	-44	63	-3	-37	97	-16	65	92	-68	-28	-19	-73	83	8	38	85	-60	-44	-74	30	17	-31	-75	-6	-10	-65	-70	86	53	64	88	-31	88	46	-54	26	23	76	20	21	-2	83
-94	-80	57	-15	57	-10	-66	74	-59	74	29	-36	-14	-76	7	86	-68	50	-69	9	-20	-50	-88	56	-47	-56	43	96	-89	73	72	-44	-54	-39	99	-66	98	-93	-91	46	-97	48	-69	66	20	-99	27	0	6	64	-23	-29	36	36	-62	59	-67	63	-97	79	-95	-46	-34	-42	98	-68	-21	-74	70	-12	35	8	-37	96	28	-31	89	78	50	-20	-39	-94	59	-86	85	16	-58	91	41	83	-62	47	22	-44	-28	82	23	53	1	-46
89	-49	-17	-33	-11	40	57	-57	-10	-10	-85	-49	70	-70	-3	-79	60	-73	-66	2	78	-80	-84	-84	0	-63	-36	-42	-91	16	-38	50	97	-4	-72	-95	-41	-29	-52	29	68	42	-47	46	-94	-87	67	-24	-78	-57	-77	-28	-55	54	-19	77	60	27	-32	-98	-81	81	-75	49	20	-20	45	62	46	-7	-79	-96	-93	9	62	97	-28	78	-74	-73	82	25	22	2	-16	-67	-84	-6	-35	-13	-14	-24	-52	-47	12	32	-18	14	-64	-59
-66	42	-48	-16	13	-19	78	12	48	9	11	71	8	88	67	34	69	86	18	-57	30	96	14	50	85	12	-52	45	-24	-1	-76	-33	-91	-96	42	77	-80	36	-70	0	66	-53	-2	-81	8	-72	-85	-22	76	-44	72	0	-14	58	0	-58	47	43	59	15	-20	-98	-33	-79	10	-90	-44	-77	19	-13	65	55	-84	-50	-62	-59	-58	24	-52	-41	93	-63	60	45	-54	11	-75	95	-14	-80	-32	1	73	-88	-37	93	91	46	-21	90
32	-89	-95	-19	44	-27	55	53	98	93	-95	-62	-7	-81	-43	-82	7	31	52	70	-86	-94	97	14	-81	1	61	-83	-58	-47	57	47	55	5	19	36	-78	-13	-9	74	-66	77	-62	-18	53	-12	-25	0	14	-62	31	62	-23	24	-34	10	-17	44	96	13	47	46	81	72	-7	36	-77	-43	48	47	88	-62	-56	90	-46	76	77	74	52	67	48	-75	9	37	55	-75	-8	0	-62	78	-78	-80	41	-49	-56	54	-84	4	78	22
-73	73	-93	-7	57	-22	-1	-81	28	74	-60	45	-70	75	-25	-88	13	-60	-71	96	-38	25	-34	38	-10	73	-69	44	-57	98	89	-7	88	-77	99	-38	93	-36	18	-94	85	-82	-12	-11	-3	-68	-62	71	-97	-28	23	68	32	-55	0	-13	71	26	-23	-3	-49	-58	60	84	-35	-40	35	53	1	-14	-98	41	-64	96	29	98	50	-94	2	-92	6	-4	-12	-8	35	-78	40	-4	53	-88	-15	25	-72	45	-49	46	-28	13	17	-84
48	25	85	-73	-35	-85	29	-56	-17	30	-81	-12	11	-38	-34	77	60	31	-95	-25	-76	44	25	58	-20	54	-17	3	2	48	-68	-27	83	-23	-40	-76	84	-49	-42	-96	-42	-44	-31	-15	74	-39	-55	27	-87	71	81	-19	-85	86	62	-13	-48	39	-16	12	47	18	44	-61	-74	-86	83	90	-32	42	-15	43	-33	40	-62	-81	-90	-99	-17	-53	-84	97	-50	45	-2	73	28	49	44	88	-41	-43	5	34	-96	39	10	18	84	4
15	88	-49	-44	58	92	-74	-66	-7	94	-60	-89	24	-93	3	85	-82	-15	-55	68	-2	-25	-94	71	-25	48	57	-31	-57	-82	-58	17	-37	-79	78	96	-16	14	-83	-76	10	-89	76	-46	-31	14	-90	98	38	1	63	31	2	82	-74	31	84	81	-16	98	99	72	-37	-90	-94	12	-41	-43	73	84	-20	-88	23	35	8	-9	53	-37	-95	-49	93	-23	-13	62	-6	89	23	-52	40	-52	-72	6	56	82	91	-81	55	-80	46	49
38	-72	-23	29	50	-61	-27	-4	-82	-48	10	-68	-55	-14	-80	-16	-31	-61	95	42	-45	55	9	90	-27	23	-50	-48	47	-96	-11	4	73	14	-47	23	62	21	-69	-21	3	-91	35	21	42	65	28	-7	55	80	52	-62	86	61	3	14	55	-77	-72	1	84	-58	27	71	73	-29	49	0	-90	29	-6	56	-37	-91	-22	37	-99	84	98	42	-44	73	-35	-79	65	-95	68	-89	-92	80	35	9	47	82	-91	-39	-35	5	-50	2
-29	-24	38	-90	-6	-12	-24	19	64	44	0	-35	43	-2	70	-21	40	78	4	-64	19	88	-28	36	-6	99	90	-54	63	50	-58	-23	59	-87	-42	91	-2	7	-24	22	14	-7	-99	-20	-63	25	-47	-73	-4	60	11	-28	58	72	39	-60	-32	-25	-12	-15	85	-57	-92	-75	23	-72	91	47	77	40	94	-48	-42	0	-97	-41	-29	-98	13	43	29	-23	-49	-82	99	75	-58	-15	0	-76	50	70	-31	-20	-85	76	23	49	-68	41
4	-49	68	4	76	99	99	-31	83	-2	47	62	58	-99	-88	26	-4	60	-10	96	-94	30	30	-19	21	-62	73	-40	80	-2	-93	-26	15	-75	0	-76	-67	-92	-31	-44	-3	28	-87	-37	0	-53	-85	-13	0	0	14	-90	-97	-59	52	13	-63	25	-61	17	94	32	94	-35	29	-28	0	-60	49	-49	-29	-10	-3	49	94	41	22	-85	-94	6	16	17	-88	72	-53	-67	-77	-6	66	-32	-91	62	-5	3	-30	67	22	23	-65	53
-94	-86	49	86	-80	50	64	65	-87	23	-64	13	-55	-68	-92	-15	-46	24	-65	71	-86	-33	-30	27	-95	-2	-25	-91	-71	65	73	-98	27	88	20	8	39	-53	65	18	60	4	-37	-24	45	-62	-90	47	-6	-21	53	-4	-13	-45	-63	-37	-41	31	-91	-4	87	14	29	97	-11	27	76	56	20	-23	91	-31	10	7	13	-14	76	84	-95	-81	49	45	23	-26	28	-10	0	-86	0	-20	-69	-74	-57	42	67	55	68	98	48	-11
66	-44	-34	-46	13	39	58	-11	-45	57	-1	-72	16	20	-17	-61	-26	12	28	-22	-85	50	33	-23	13	5	-27	-31	-90	10	-43	-88	-34	-82	54	-61	71	47	-91	-45	-64	4	28	56	-46	-68	-90	83	-66	3	-67	-54	94	44	5	-60	-67	-95	32	-48	-94	-76	-23	-88	15	46	56	-3	16	8	-21	79	-3	-91	30	24	-41	53	-86	18	-73	5	-52	-49	13	75	89	10	56	17	91	-5	40	-26	85	44	39	-89	29	47
24	88	-55	-93	50	97	-89	-91	92	0	37	61	19	4	68	68	-30	-15	-60	-66	93	-29	81	53	-21	95	-33	55	-68	-69	-17	41	16	59	55	91	-95	78	-15	87	15	-10	43	81	18	-10	18	11	57	-66	-70	3	-12	-32	74	-86	-30	-89	61	-85	-75	-92	-61	49	7	-6	-39	63	-62	-69	-46	-33	7	-33	-55	80	-21	-40	-70	-73	15	-65	47	25	-78	-91	46	-46	79	44	13	12	16	-46	3	55	49	-2	-35	86
-51	-34	90	-13	73	-68	72	-18	-67	-12	6	-35	-78	18	-3	-54	28	-74	-50	58	-51	85	-37	-48	97	-34	70	-83	-51	-17	30	-64	16	-24	-64	30	67	-17	-96	35	-36	24	37	0	33	-48	-49	-64	16	-81	-48	82	72	92	-5	63	18	-27	79	47	-72	47	91	81	77	-85	-14	30	-52	-47	76	-91	-23	76	-79	-24	69	-28	-37	67	19	93	-61	-85	0	96	-94	73	74	-9	94	68	25	-85	-36	-13	62	16	32	-12
-99	83	14	41	-2	-91	85	44	-53	5	-60	68	73	15	93	-14	87	-38	36	-99	-84	-7	-52	10	71	53	-91	31	13	2	-45	-15	13	80	21	76	58	-83	53	84	-26	-47	1	94	-71	49	0	47	20	-34	75	78	-73	-36	43	12	0	-31	6	-1	-87	-69	83	-18	36	-2	-58	-46	14	-47	-65	-56	-76	55	53	-30	9	-93	85	-9	97	71	-3	59	42	-98	-32	40	-35	-91	-28	26	-49	48	22	47	-48	65	15	77
-99	18	-66	-47	18	-63	74	-76	-7	82	-54	-67	60	50	65	-12	-68	-29	-13	-15	-62	-37	56	74	11	-15	-4	7	59	-32	52	68	3	74	72	-11	14	-4	39	70	-65	20	-51	65	72	18	-92	-71	87	-58	-21	94	-76	-51	82	39	81	65	-49	91	-8	16	39	-40	-6	-22	-81	-28	-18	44	5	-67	43	52	-58	20	-54	-67	-98	2	78	-79	60	-26	-95	6	-19	18	-85	-42	-40	25	13	-62	-50	41	27	56	9	-5
24	-53	24	40	-81	-82	-41	-36	26	-32	-78	84	-62	51	69	33	48	-88	-72	19	71	-90	-33	62	-97	-33	-15	-8	27	-50	3	24	-16	1	-64	35	38	36	82	61	99	-73	-71	23	25	83	-17	-91	-2	-47	80	-40	-30	-24	44	-40	-19	98	-33	-77	29	5	-10	56	-82	-14	98	-29	78	85	86	72	-48	-63	-83	33	61	-16	-79	46	54	-99	61	48	21	20	63	90	76	-96	55	84	-66	77	-29	97	-42	-40	-99	-5
-82	-20	-20	99	25	59	65	64	-77	29	-16	60	93	43	80	-22	-56	96	-47	-27	72	-84	19	-1	17	-43	42	-40	-12	-83	0	-16	-4	36	-53	8	-6	13	5	65	8	-60	49	-55	14	3	23	83	97	11	-69	-24	33	-22	-81	-60	40	-22	74	80	-97	96	-78	0	-84	-62	-59	82	76	-33	78	-1	38	-72	-41	69	-19	13	-53	-53	-34	62	26	83	-3	-58	5	-54	-47	89	48	69	-10	22	66	-50	-94	-9	-49	94
-75	63	14	-49	27	-87	82	-28	36	74	-52	-19	-59	-66	-59	-93	55	29	40	-36	-29	-76	50	52	-19	44	24	-49	-66	55	90	46	-20	48	-34	-10	-32	76	-53	-29	7	1	68	-99	-17	-46	4	-81	0	-77	-34	-68	-63	-56	-69	-98	70	48	-11	29	-95	31	50	9	-43	6	67	60	-45	43	47	98	-67	-87	45	78	-45	-88	-69	56	-6	80	3	-87	-2	-36	77	48	-14	-53	22	86	48	-86	-21	52	-55	35	-49	-32
-87	11	44	-52	73	8	-50	-29	-72	0	-19	-85	94	-87	-33	77	-31	29	-53	-96	85	22	-88	44	-3	53	-21	73	-79	-74	33	-57	75	46	-41	17	-46	14	64	80	95	44	-64	-15	-42	-47	62	-20	-18	-46	95	61	-22	-17	-55	43	-36	15	-62	83	-28	-67	-89	90	-66	70	2	29	-45	-47	-65	28	62	-38	82	-34	44	-38	99	-56	-13	51	62	59	-12	9	-74	14	-31	-44	-30	-1	-12	-21	50	-88	70	-47	-8	60
