84	-7	-87	55	-76	-57	69	43	-4	22	-18	-47	-38	-74	77	39	60	-38	31	48	34	-90	85	14	-75	46	-38	-19	95	-60	9	79	62	50	-95	99	-22	1	-68	44	3	-6	-62	-41	9	16	-46	58	0	3	2	59	44	81	-62	85	-81	-29	42	18	-24	98	93	73	97	-9	87	0	5	-82	83	43	-95	-31	36	52	-12	1	69	-13	90	-18	-70	8	0	-2	79	86	54	-21	-52	-54	46	-78	92	-42	97	41	43	10
72	-40	14	70	-69	78	-34	-95	61	82	70	-93	90	-83	-85	28	92	-18	90	0	-17	-19	-17	89	17	17	-46	-29	-95	18	-76	19	96	-42	-69	-82	1	43	-85	-86	-43	-3	-47	-29	-74	-39	-35	5	-54	2	22	88	-34	-47	93	17	-70	-87	39	57	-66	1	-29	3	-96	-74	-30	-10	-82	-56	-2	-39	37	3	41	72	31	38	26	55	-78	48	-2	99	58	-85	-5	85	17	-82	16	73	0	-45	58	-63	-63	23	-77	36
-9	-8	-30	-81	18	67	-51	9	86	-18	38	-10	62	82	53	-41	-5	34	-53	26	46	-67	33	45	-94	41	-98	-14	38	-26	36	38	-46	46	-53	-14	20	-22	29	11	59	-53	91	47	14	70	-79	-2	12	-94	-84	-39	38	-83	87	38	-95	34	-20	-77	-35	-27	91	-53	-60	84	76	72	-73	-52	-74	-59	5	81	87	-13	11	-70	-72	0	-76	-3	33	-2	-85	-5	21	50	-61	-75	-4	-31	-46	-76	64	71	-17	88	93	51
-18	0	-6	97	20	11	85	-72	65	81	72	-30	34	-21	2	41	2	-18	-97	81	-63	-89	-53	22	-84	36	-70	96	-90	59	62	-51	70	-70	-47	50	-32	-98	42	47	-26	91	-54	68	-96	-60	-63	-11	83	-84	-31	-46	-49	73	-50	39	51	55	58	39	47	-90	-67	94	-25	36	-58	-9	-3	-86	92	-33	35	26	53	67	96	39	30	-22	60	85	-77	44	-7	67	-21	43	27	-77	-55	-85	-58	77	-9	-81	88	-71	67	-51
-17	-29	10	23	94	12	-30	-97	-69	86	97	-57	72	-56	92	-30	47	-5	-46	-33	-18	-12	42	-80	56	97	-6	-72	-69	7	-81	-46	12	-69	-96	-79	6	-85	7	-37	5	-42	53	-16	85	19	-79	-53	-47	21	-80	27	30	-22	-88	88	91	4	-20	64	71	-38	89	-71	-4	-37	-56	25	62	53	-18	0	-80	95	46	-90	-78	-26	-3	40	-46	-88	38	-81	-74	54	71	-82	-58	-18	26	-94	5	-12	-13	-73	87	4	1	37
-90	-67	84	74	14	97	7	-96	-98	-22	8	71	-42	-84	-75	9	-11	79	-54	2	-28	-35	31	-99	-84	52	77	59	51	-85	-34	-72	47	-32	46	-20	41	30	12	-6	83	6	60	29	-53	13	-83	-74	-97	-68	-53	-72	64	-80	-17	-44	24	27	-82	37	-58	-77	58	11	-86	17	28	-9	67	3	95	-4	-18	-97	-42	9	-11	-40	-44	36	-47	43	56	5	-50	-67	-82	67	-49	6	32	-17	33	-93	-3	-92	54	-23	-56	65
-30	64	39	12	-53	-47	-76	-11	28	-91	-65	2	3	88	30	-68	-59	-34	78	-16	8	-76	-38	24	-69	73	58	9	86	57	5	-69	-97	-4	-26	40	-50	-77	-22	-71	86	-9	-66	91	51	-35	54	-8	-49	-58	-4	54	-62	-90	-1	-58	98	-49	33	56	-8	-81	94	16	-36	-66	56	-18	15	4	25	-6	-2	99	20	78	14	-60	76	70	99	-76	12	-43	-65	-40	62	-99	47	-21	-78	92	55	98	92	30	97	15	-32	99
-22	-37	51	-99	-15	60	0	-57	-94	-77	-38	-1	-78	-48	-30	-38	34	-9	-38	8	48	95	77	64	55	-16	9	-35	-47	76	-70	67	-96	-48	-28	-62	78	2	42	-80	-61	-85	-54	79	71	-22	-68	23	58	-34	91	-53	97	48	-33	-98	69	-97	-14	48	-83	97	74	13	-54	-6	-45	94	-31	22	28	-53	-2	-93	-71	-38	56	42	29	-46	60	2	12	-1	-33	-12	9	55	21	46	-87	-27	45	-14	52	-63	-42	13	-3	-36
-95	63	-63	69	-74	-75	55	-77	-36	40	-33	-92	-97	98	-39	19	4	-83	75	63	-94	46	-8	-92	-57	63	-33	-5	89	46	25	-98	-36	64	-9	94	-72	76	-96	56	-49	-78	85	91	85	-85	51	-11	-70	-84	4	-49	-22	-18	39	-77	29	-52	-30	-80	60	-74	-45	57	-88	-6	-46	42	1	51	-87	97	-10	83	76	-6	-33	-29	59	96	-22	51	-54	0	-69	-12	95	68	47	53	-32	-44	-35	9	60	-19	43	80	-49	-52
-90	99	52	0	74	11	-74	14	10	60	-11	22	-74	-93	70	78	-22	90	74	-60	46	62	20	34	2	44	10	44	-7	29	44	-36	-11	62	10	-92	-88	5	91	-84	62	-86	27	41	-85	-33	-20	-54	43	-11	-51	-45	74	-12	-98	80	66	-35	-34	-45	0	-64	44	-98	3	10	46	7	19	79	-46	-57	94	91	-8	74	-6	-81	30	7	-78	-52	12	-78	30	99	20	-95	58	65	83	-36	21	87	-19	-37	-62	-27	59	-13
-57	29	-98	-54	-31	-35	-24	-7	3	-52	45	14	-55	2	-37	-85	16	12	-31	-39	28	-6	-3	-8	54	-34	-36	-89	18	88	-8	-44	-28	-63	0	-62	13	-15	-3	-58	-63	7	63	-4	23	31	95	-73	-63	-19	82	-47	-76	-87	68	-58	95	79	-9	-25	-3	-26	-43	46	36	20	37	10	-64	26	-22	81	27	22	20	38	-24	-80	-83	56	-42	43	84	58	-70	49	-77	35	-99	0	-22	22	-53	95	-78	6	20	-22	-71	-74
19	-55	54	56	-43	64	-58	-94	-37	38	59	45	-79	-65	82	-22	-16	42	84	-54	36	-29	-25	1	-61	58	-10	42	46	35	27	-7	-40	-83	83	-24	3	-62	-47	-12	-49	-68	-26	94	33	-63	-2	-91	97	59	33	33	-61	-60	50	61	60	32	-29	-28	84	-42	-66	10	93	42	20	71	-82	54	46	93	82	53	-82	68	-31	-96	-58	-40	83	39	-12	33	-13	-39	-43	-89	-68	-9	57	-66	-25	56	-64	-90	49	31	-23	30
97	-83	-73	44	8	-33	48	3	15	-27	18	30	2	34	-40	25	-88	-87	-36	-4	47	-28	-22	34	-20	36	-95	-69	-18	32	45	-54	-84	-93	-96	-78	-54	99	90	-91	-84	12	-6	59	-99	75	5	6	-45	92	37	86	-99	41	49	-44	90	0	82	-8	33	-69	-23	-21	-83	-81	-35	0	53	-19	-73	-53	-54	-25	11	-92	56	-54	89	85	81	-95	18	-42	26	-2	-94	31	3	27	-31	-67	-15	-55	94	18	-91	7	99	75
-63	-23	-53	66	57	40	-4	81	-76	-63	-19	84	-18	98	-96	-83	70	-50	88	-71	43	9	-73	-66	-17	-26	-50	-65	48	-89	-25	82	-26	30	44	-19	92	-97	62	-79	41	46	12	30	-3	15	-94	-58	-64	-27	-47	-76	-76	-19	55	-60	16	98	1	66	-48	-61	-68	-25	23	72	4	-98	29	67	-64	-25	21	81	91	85	-47	56	-75	49	37	-11	-69	23	70	-9	80	14	-67	75	76	24	-51	-40	-69	12	-8	47	-29	8
76	77	-29	-88	61	38	-49	-78	-46	27	-69	-11	-14	22	-90	31	9	-96	-72	-8	26	-49	-38	87	-94	-53	-91	-64	-75	87	-8	-68	-70	8	-64	-64	-35	-14	-1	-83	57	9	66	7	17	0	-20	-19	-78	-80	66	-51	-37	58	-68	14	49	-16	23	15	-13	-80	86	89	53	-40	-80	29	-11	22	61	-39	72	15	83	84	50	87	21	-64	88	-29	-70	-94	5	-44	-29	-83	-14	35	14	0	32	-38	-91	98	-72	-86	39	-78
57	67	-20	51	-92	-20	-85	-68	98	14	-11	99	-30	9	-61	10	8	-57	76	98	40	95	7	-30	85	21	-98	55	-51	-10	-64	34	17	2	-65	-13	-86	-52	14	-60	4	30	-32	-11	43	-17	-60	-35	-77	-73	5	-5	-63	54	37	89	-90	32	46	-53	9	-76	-32	-68	42	16	-29	-32	-21	-75	58	-15	19	-54	-39	-17	-20	12	-54	12	23	-21	55	-93	-99	-36	-82	-56	-82	-83	93	91	-93	-99	89	29	-56	-74	76	-96
72	14	75	26	-21	-16	22	20	-30	-69	61	78	6	85	85	-38	-75	23	52	97	-36	-67	39	23	17	89	-32	49	0	14	96	-40	19	-36	40	-82	-83	-1	-55	-3	20	39	60	67	-88	7	36	-27	57	-35	-65	56	32	46	96	86	-67	4	4	-13	61	-98	-77	63	-90	-54	67	67	-68	78	13	-71	24	-55	-17	-98	-6	79	64	40	-87	-48	-91	-48	11	77	76	-20	83	-85	-93	-34	-3	-66	4	-76	-33	9	30	36
49	68	61	19	92	-29	-21	-82	-57	97	56	35	-23	-29	84	-8	40	-8	-36	11	-88	44	-98	-54	-45	5	-66	17	50	79	-44	-8	51	15	92	10	11	80	-16	0	-82	89	-72	-22	50	-26	5	51	-7	50	-53	86	61	-42	56	75	98	-51	89	1	-3	79	48	24	78	-13	-43	3	-78	36	-85	22	82	-32	87	-55	-60	-90	-69	-4	-95	33	41	-51	5	-92	-37	94	-22	67	82	32	79	-91	-19	-44	85	9	59	91
-9	61	-89	-65	52	-83	-82	16	-55	12	52	-79	1	-44	-55	-97	93	-17	-76	28	52	58	-95	77	-77	-77	-94	48	-23	14	-73	91	-69	51	16	79	52	-7	1	42	-44	88	15	-59	94	78	16	-52	0	93	-20	-69	76	-93	76	-48	35	-24	87	20	55	-39	14	-13	31	74	67	-77	-12	-18	-5	52	5	-40	29	-88	33	-48	69	-97	64	53	24	5	-47	-74	-75	61	52	-76	45	57	53	-37	64	-36	14	61	83	-88
13	-91	68	19	98	-38	51	-17	-61	-43	3	-78	30	43	10	51	20	60	-17	76	87	-57	68	78	-48	71	-70	53	-22	30	97	14	47	43	21	-33	-10	41	34	51	-66	-30	-99	72	-93	17	-39	-52	-59	-57	71	65	85	35	-31	-59	68	-18	-95	-65	-45	0	60	-1	-41	45	-51	97	48	-31	25	-63	-31	83	69	-60	-17	-99	31	61	-3	73	-69	71	-23	-28	-74	36	-15	60	-13	0	-79	72	-40	-34	-14	-94	-41	-90
-38	-48	-36	34	19	96	55	-68	-98	-83	85	12	25	-4	44	-40	-65	-36	-86	-95	5	-26	38	95	4	-76	-92	-58	5	44	62	1	-76	12	-97	-8	-3	78	-74	-10	-24	-13	-7	41	-47	45	80	72	-66	93	95	69	69	-36	64	84	-77	-62	-27	-32	-88	-47	19	62	19	-63	-62	58	32	-15	10	-56	93	-2	-30	96	79	-89	12	31	31	44	-83	16	23	-20	-67	-69	16	30	9	-78	-88	37	75	99	57	67	-37	98
-27	-97	86	48	75	-60	-9	-13	-43	19	57	-49	65	-45	0	-41	16	59	92	-90	78	-3	-31	36	11	9	-68	-23	-59	-16	-77	68	60	27	-39	70	-44	-11	42	-43	-29	0	19	40	-33	-93	35	67	63	28	40	43	-43	15	-85	-81	39	-40	-61	31	-61	30	-76	67	94	2	53	50	-5	-95	-54	80	22	17	9	-27	-37	-15	-78	-18	-9	58	58	65	-80	-70	-38	-23	90	83	93	-92	-71	-49	3	74	40	84	61	-55
9	-42	47	-38	57	90	-92	-25	-37	40	44	-48	-61	-20	97	-24	-93	58	-46	-94	-99	32	71	-48	-93	12	-29	-72	70	32	-12	1	46	35	-12	-57	-59	34	4	-61	-68	46	42	55	-24	-31	-20	-99	38	-35	-75	-3	88	-22	-4	35	26	-27	21	-85	19	28	-77	0	-58	-24	-64	-51	-60	-75	21	-45	-25	85	36	62	58	-68	38	-24	75	15	-80	-86	-25	-89	-73	16	96	-73	24	31	-58	-27	-91	-57	21	-32	-8	79
42	68	0	-16	-19	-68	-23	-92	-58	94	-84	64	-63	64	-11	23	60	57	-35	-81	49	12	24	55	91	-93	-67	-52	9	-2	97	43	16	-18	-24	-64	13	-83	-33	-63	-65	65	-93	45	37	78	42	35	30	97	-80	32	-30	78	-94	-94	24	-27	-19	1	1	-49	4	38	-47	86	95	-34	73	-71	-90	88	-58	93	-26	-20	-94	51	-95	-94	-42	-43	10	70	13	71	-53	-42	14	25	86	-91	-12	-10	-72	42	-23	-75	-10	41
71	0	-86	91	79	64	-44	49	37	12	65	-72	78	60	-57	-97	-47	-4	-83	48	42	-76	-68	62	93	37	92	3	-11	-86	30	-8	-33	12	50	-50	98	86	-63	-43	-16	-90	3	45	48	-35	-92	65	-2	0	-98	52	3	40	-3	9	-3	59	-51	-21	27	28	80	-83	51	76	80	-67	20	96	10	66	-91	79	-87	70	-38	86	64	61	-15	-92	32	-4	-82	-9	53	-89	-20	41	14	30	-56	-66	-59	-79	-60	47	66	-32
-1	-82	-79	-76	-19	92	27	-41	-7	-71	-34	72	-35	78	-69	-17	75	64	-3	-32	66	-92	-63	-16	97	17	-7	22	-21	-81	43	-61	-24	12	60	-56	51	-77	-26	19	94	-47	48	2	35	29	-78	26	-25	-15	80	-48	55	53	-10	91	-65	-73	-16	15	-1	-13	-68	78	64	41	17	91	34	-58	-14	20	85	52	21	63	-86	-60	23	-10	15	17	-82	33	-12	-66	-47	8	31	-41	68	0	47	94	27	-32	-83	-22	29	48
72	76	-52	-93	-62	62	-88	0	-4	-26	99	72	-45	80	-32	7	-46	43	-16	-35	-68	72	-31	-90	-30	-65	-23	-88	-41	68	-24	64	-64	17	-58	4	-23	35	55	-99	42	68	22	46	99	-37	-52	41	-30	-34	84	-33	2	-9	39	52	67	44	-3	29	77	75	-12	-3	-26	-80	-7	35	-34	0	-47	2	-8	26	-83	-20	-32	-25	41	-3	-19	-78	73	-48	-95	-65	-15	72	-42	28	-1	97	-37	-33	-56	-60	21	85	87	-19
4	-10	-1	7	-54	78	7	-16	-6	-81	-71	40	45	4	2	78	-91	-45	73	92	8	97	-95	-68	-69	3	-63	81	-9	-8	39	-97	35	-87	5	-43	-17	-36	37	65	-34	57	42	86	8	87	-29	-86	31	-29	75	35	-35	52	26	-21	72	65	62	53	-85	-69	8	32	-39	-91	-12	-35	-21	-27	5	-93	-70	-58	-55	-58	-16	-69	95	14	-83	-35	-86	-35	16	-57	-59	30	61	17	75	79	-74	52	-52	47	78	51	46	60
7	0	65	-23	-57	-13	-7	16	27	50	64	-10	-44	-18	-24	-52	73	64	-68	61	-55	-54	34	77	-93	-58	66	-50	90	9	19	-55	-54	-62	13	69	65	0	-86	35	-30	-9	-16	-44	33	56	40	-94	14	51	-7	-90	-93	29	-34	23	-83	56	36	-12	8	79	-61	-78	-5	-94	-4	28	59	-71	-44	48	-82	40	44	-26	-90	91	41	78	-58	93	95	-91	-38	-89	66	71	-56	-68	79	-20	-66	-85	5	94	17	-21	82	-24
47	2	-29	-83	49	87	63	46	-88	25	83	31	-58	-3	-48	15	-51	-70	13	-81	87	-58	-80	95	-27	6	50	0	-61	13	-9	-66	-33	-44	-23	-5	-82	87	-1	67	-14	72	-5	37	-99	45	-65	97	35	44	56	61	82	-38	-39	-61	-49	83	73	53	52	4	39	92	-89	-37	-54	39	34	40	-95	-36	-46	68	45	-42	-63	-9	14	-66	-66	34	-60	37	-6	80	-47	73	39	26	59	98	17	-92	-60	-15	0	-91	-51	-27
60	97	64	52	-36	-85	-40	74	2	84	64	25	-98	-21	23	-63	53	-54	-70	-75	-63	-82	-29	-2	57	-64	5	87	3	-28	-79	-59	-56	-54	-2	79	-73	-27	-11	89	62	-77	-97	87	89	75	31	-44	-35	25	22	-48	-99	66	84	9	52	74	-29	-59	-51	85	-97	37	-78	-9	50	-11	-49	72	63	-78	10	88	-51	73	-10	32	9	-95	-72	-35	41	53	98	74	29	91	-64	88	6	-34	-39	24	28	-55	-27	61	4	-22
-48	-32	16	-73	94	-33	0	-36	-90	-3	57	0	-55	-88	40	-15	77	75	-92	39	56	30	6	88	4	9	-96	-30	9	-36	-68	-14	83	22	57	-39	-65	-92	-52	93	45	34	21	71	-40	27	-70	68	4	94	32	73	-94	9	72	-74	6	53	0	-60	87	89	17	-74	-25	93	26	-54	-24	-70	-67	-33	82	16	-48	24	-72	46	58	88	-70	16	0	-49	-90	84	53	-58	-38	87	76	-73	50	-62	83	-28	99	-61	-58	-85
21	70	-32	56	-55	86	-80	-99	69	-13	6	-34	83	60	-18	-94	75	89	-51	-21	-70	-2	89	-82	-84	-24	79	31	-83	-80	-22	-89	-75	-93	-94	-30	-6	19	-94	42	65	-71	-43	7	61	6	-79	88	-39	64	11	23	-54	-32	6	-16	-85	78	60	45	-71	70	-9	-10	55	56	61	12	-22	-52	-65	15	12	27	1	62	8	0	-82	-49	-29	3	-63	-26	10	50	64	86	77	84	17	60	23	50	-21	96	99	52	-34	-89
-24	41	85	10	-76	-96	-20	79	90	8	4	60	59	52	-53	94	-91	-48	1	45	-74	57	-14	0	-96	-77	-50	-61	-82	-57	-83	43	-76	-65	-11	-6	-54	79	84	63	85	-27	-37	-17	35	-23	-80	-23	-49	-22	-62	-16	-4	11	54	-37	91	-82	63	93	-63	-46	80	70	35	-17	34	57	-24	-48	8	-90	-63	52	31	89	64	-31	97	32	54	8	9	51	-64	36	88	-66	-85	23	-82	55	-33	75	97	57	23	53	51	-42
-30	-75	95	-27	-24	-26	72	96	28	-59	56	-87	-57	-97	-79	14	12	33	-91	-60	-67	2	36	-31	6	46	-87	63	38	29	-3	16	-56	-27	88	-23	-32	-66	-64	-98	-68	59	-13	60	-95	43	68	-63	21	-14	-42	95	-17	-54	-43	-30	19	89	-60	83	-78	81	0	92	24	69	97	22	-41	-81	-56	84	64	34	-42	-59	-24	-27	-62	23	-71	-55	6	95	-26	-39	65	-65	-73	-44	27	-43	-37	0	-95	-30	3	72	-30	-5
26	9	17	-6	-54	0	74	-4	-53	-77	-98	-58	5	51	-35	13	49	-30	-51	43	-87	-27	32	59	52	-3	-58	-36	92	37	-18	-13	82	-38	-42	-96	92	59	6	-55	99	-48	82	-96	-80	91	-82	46	-40	82	31	19	46	52	-90	64	70	23	-98	88	-22	-55	38	37	-34	81	-33	-9	71	-94	-88	-29	10	48	-51	-92	-67	-66	47	-5	14	-44	-70	-10	76	-31	-88	30	72	-76	47	-35	19	-39	-60	-96	-29	29	-13	-65
-86	-22	0	-47	-37	38	-71	63	-16	29	-81	3	-44	-60	-24	0	-83	42	39	76	-97	-81	-92	78	13	-10	29	-77	-71	-60	-93	-26	57	92	69	-20	83	-62	4	92	-17	67	-42	-30	40	-45	-24	-16	-1	-5	-55	-82	-65	-93	83	-58	78	-16	94	24	89	-53	62	53	55	-68	-64	9	61	41	-43	-47	-97	-2	12	67	14	0	-49	-2	-49	4	82	-60	40	-20	-34	23	-91	58	5	-77	26	-29	-21	63	-87	19	94	-25
46	-99	65	-2	-53	53	-87	34	67	73	94	-4	-27	64	-63	-26	-18	-56	92	-84	-32	-56	-48	-58	-15	-22	56	-44	-15	73	16	12	-52	-44	71	25	18	29	26	16	-28	70	-43	82	50	-40	14	95	-33	64	11	-64	2	-77	28	-5	43	-99	52	91	-29	36	-62	62	89	94	22	-69	-29	-95	-77	-6	-96	-6	48	73	-7	-40	52	-46	75	23	98	-40	-45	-49	44	50	89	45	-15	-39	-91	-4	84	71	78	-47	-94	-35
-80	-50	62	-20	-86	61	33	83	20	-71	-82	-68	-12	31	80	-80	13	26	78	-60	-36	-1	18	89	86	59	80	8	96	47	-52	17	45	20	2	-8	-37	20	-2	-39	-8	-96	85	53	96	32	95	21	91	18	-92	54	-40	-49	-4	0	90	-28	6	13	49	58	-31	90	36	-51	60	69	88	50	-13	3	87	-48	-73	-96	-41	-70	-13	47	3	62	-6	54	57	21	83	23	58	-13	58	34	73	53	53	66	-65	10	44	-21
19	-26	-9	-20	57	29	-68	60	3	-97	-59	-57	20	81	0	-66	90	-12	-33	-38	-82	11	31	-45	-74	17	-4	51	64	-76	-76	-79	-28	-10	-92	14	-4	91	-51	-32	-86	-31	30	-32	-66	-5	80	-32	18	-69	-20	16	27	63	-93	40	-77	92	-17	2	-52	46	45	-59	19	-14	71	-6	-11	46	-84	48	-12	-38	0	-64	72	-2	4	-64	43	33	73	17	50	-74	-27	42	97	94	41	-66	-85	-78	-51	-42	-76	-7	78	6
-61	9	9	-42	8	-42	80	-94	0	-1	-8	-46	-31	73	-92	68	-24	6	10	79	-64	-98	94	34	39	-9	20	-30	35	-34	78	10	-29	-76	53	49	-58	-23	-38	-65	25	94	-53	-78	-99	-65	48	0	-12	71	-31	0	24	-65	-44	-41	-53	-45	-50	-17	65	95	37	96	69	80	38	94	63	99	6	-94	-35	-12	11	35	-59	2	31	-48	12	-27	-93	66	82	-75	44	-90	50	42	33	-65	-20	-24	43	84	25	80	-86	58
-4	-71	-71	11	-89	22	22	63	-90	-89	-38	-97	82	-15	-89	-61	-45	43	-66	-11	-74	-87	-26	6	75	46	47	92	-1	64	29	-48	-96	19	-7	-13	14	-68	4	-53	-27	-53	-5	-24	99	-81	-74	-72	-9	91	34	8	-10	18	-31	5	-88	-53	-20	90	-52	39	9	59	-40	38	87	92	19	41	-91	-85	50	45	67	-34	44	-44	95	-50	-67	-59	36	-32	-7	78	0	-13	-96	-32	-73	-54	-77	58	-30	62	-1	-66	50	-61
36	-97	-32	-44	-37	16	70	-97	63	2	75	-77	-72	-77	-88	-85	83	-32	-59	53	-26	-23	-71	7	60	-72	-92	-75	-20	56	60	50	15	17	33	50	-46	43	-15	-43	81	87	-90	-36	-36	36	-65	97	36	58	96	-38	-11	55	93	88	14	5	-17	-46	-94	-3	48	-23	-81	6	75	63	32	-36	50	75	-1	40	-62	35	52	-81	-30	-17	60	-54	-97	-96	20	-17	17	85	55	-15	-57	-86	-50	50	5	-59	-63	92	-80	66
-30	15	75	57	-60	89	-15	6	56	-21	72	-7	-22	13	-80	46	-46	-18	-38	-90	-42	-13	-20	92	-18	16	64	85	85	57	-89	29	70	27	83	0	-7	38	-24	48	38	-24	-34	26	93	10	77	-17	-92	78	-18	65	-69	-73	-41	61	68	25	23	-58	85	-77	-83	33	-24	-39	-58	-33	36	81	38	81	-32	23	88	30	-43	75	1	51	25	38	-44	-34	81	10	-73	43	74	-99	-2	-9	-13	0	23	8	-94	-55	-55	67
-76	82	-86	-76	-71	-88	28	65	-51	-75	-8	31	14	39	-57	36	39	41	3	47	-70	41	-55	-80	31	83	-57	62	-26	58	32	46	17	-99	-44	-41	-86	-14	-74	50	31	0	47	48	74	-65	18	-76	-73	-53	58	-70	51	-22	-73	-77	-15	-98	4	-95	31	-60	-7	3	19	-28	-1	-8	55	-64	-30	-35	8	5	-77	49	92	61	-7	55	-32	-77	12	-23	-15	92	89	-55	-91	71	-5	-92	60	-11	79	-30	78	-79	-72	-83
80	-74	22	-79	-65	33	95	37	12	79	7	52	62	42	-93	44	5	-2	67	64	-74	25	16	63	62	-72	49	-95	-50	-46	99	-29	56	-39	19	12	19	89	1	-59	23	39	17	-74	-99	83	-1	-3	19	-51	-37	69	14	43	-32	97	83	-17	-14	20	-19	-60	-7	-71	9	-87	45	95	49	-48	-96	-8	-39	16	54	-6	23	86	67	56	28	-4	23	-42	9	63	-59	-90	72	-46	-34	-59	50	-19	-26	35	-64	-24	-91	73
78	-23	-54	-84	41	48	66	-66	30	-22	98	69	-62	-95	-55	0	15	49	82	21	72	-17	-98	34	82	51	-34	-2	72	24	61	78	-48	74	33	62	-55	18	2	-24	7	51	13	0	-72	-5	-28	-37	-73	46	40	-54	-67	-31	-48	63	66	14	-6	80	-91	84	18	51	94	33	16	9	57	7	85	84	74	2	50	88	37	85	52	-75	-2	-56	41	-99	77	-5	-2	64	31	-36	48	40	41	-6	36	-91	-57	-51	-55	-12
-51	-81	-7	32	39	57	0	46	71	44	-14	-28	-15	25	-76	70	89	-20	-27	-72	26	-35	-32	44	26	31	-25	72	61	98	16	-23	1	-30	34	-21	-23	-66	-51	33	-5	-83	-65	-49	-12	71	64	82	-89	-3	46	4	-96	59	4	45	63	95	41	93	31	-20	-82	-59	76	91	59	-72	10	-66	69	-33	47	-61	-27	87	85	0	-37	-19	-64	-30	80	-12	36	67	6	46	-53	-7	93	-39	28	99	-1	0	53	-50	76	-56
-99	-39	-92	-98	76	92	81	-63	58	96	-68	-41	2	86	-20	-66	-90	-64	-53	78	82	47	-54	44	-34	26	-71	86	-46	-94	68	88	17	13	31	90	24	-67	-48	-1	-88	0	-24	-52	-56	79	-33	-66	56	-72	-5	-8	8	-26	60	-12	-63	80	-83	4	26	64	16	39	-35	70	15	-62	90	-11	29	36	-64	-20	36	-60	35	-18	-44	-31	5	-14	74	-41	-12	34	-87	-60	-47	-88	0	-8	-79	14	53	38	90	22	-25	35
-69	31	-4	45	62	30	76	76	-70	-17	25	-11	58	75	-91	44	-86	36	-59	-30	64	-49	-63	-20	49	-10	-48	79	80	78	44	-99	43	-27	-98	86	-52	82	-61	45	-26	-72	-73	-83	-5	18	96	47	-18	34	63	62	-5	63	-66	-11	60	93	-59	84	-50	-81	-85	42	-83	51	28	-40	63	-41	-70	5	70	21	-54	18	25	96	20	-62	27	12	-78	36	50	44	50	56	-44	-55	87	-72	-85	21	-10	-79	-40	-43	51	-80
75	6	22	-63	-13	97	-47	53	35	-74	-21	-48	-35	74	44	29	-93	55	98	0	-26	9	-84	92	9	-53	67	-57	-15	93	-42	81	71	-23	-9	-12	1	84	-79	-17	2	56	-77	-85	96	70	34	-49	90	63	3	58	-82	10	84	15	6	-47	63	28	87	79	-67	-13	1	57	86	-82	60	0	-80	-41	86	7	-50	-65	-80	-75	-12	82	-68	61	79	-26	36	-48	-47	-76	29	-44	-95	-54	-75	-84	-56	-52	-85	36	-11	13
-59	-29	-8	-56	77	-22	-46	76	-93	11	-24	-35	93	19	-74	7	-12	36	64	32	73	47	-45	91	26	-19	-29	-1	-96	10	6	-65	53	69	99	75	-17	12	52	-54	-97	0	0	19	99	-64	94	50	-77	51	-95	-92	-46	-18	-6	-16	-55	42	-44	71	85	-25	-14	18	0	54	99	48	-77	84	30	-83	72	-32	-5	-74	-94	-69	-77	-63	-70	-14	45	-47	19	-95	0	40	11	-6	31	71	-40	-61	-26	-44	60	-61	81	-82
-14	61	0	-33	-37	-97	-34	52	-61	65	-61	-85	33	-95	-45	-64	7	67	91	-72	-30	88	11	-68	21	-61	-17	52	37	-33	-62	-99	-69	53	44	-74	19	17	25	65	70	-99	61	-4	51	0	-40	-89	86	9	-46	-51	-27	-37	-7	82	94	-67	85	-32	-28	9	-27	37	-68	-82	-32	2	52	-60	-24	6	84	13	-84	10	71	-79	20	-96	-62	30	-44	-11	-17	66	-57	-69	59	86	52	33	95	-22	-27	-9	-85	28	-79	60
24	-75	71	-32	-27	50	71	74	-64	35	-71	20	69	71	-44	-2	-24	36	6	36	58	-20	50	22	34	-52	53	-94	97	31	39	3	-3	17	-91	74	43	16	61	-31	-74	-11	-53	6	70	72	91	80	-4	-97	5	29	72	83	-32	72	-72	-84	-2	38	98	56	67	31	39	55	75	-31	-25	-71	-84	-11	32	29	-89	-34	-62	46	41	-27	-88	-71	57	37	92	24	97	10	-89	57	-10	-76	-80	16	99	31	-33	-18	64	-87
-33	45	-5	-35	38	77	0	-92	94	-65	40	14	28	-28	-15	-84	-2	-6	-89	43	33	98	-37	34	-71	-89	-92	29	-37	-28	77	53	-2	74	-25	23	51	35	63	-60	87	76	-29	49	-50	26	8	55	76	-79	-42	55	-34	-9	48	35	17	46	82	9	73	69	98	77	-18	-52	-23	-37	-83	-74	20	54	53	-94	57	46	-16	60	33	-27	-90	-13	-31	13	45	-87	98	83	52	-81	-13	-23	10	29	88	-21	-97	31	22	7
82	-79	16	-47	12	89	9	-7	26	56	-96	95	-60	23	42	97	-52	-65	-26	17	40	72	2	46	-77	-46	-94	43	-19	-87	40	97	-92	85	65	13	1	79	93	53	92	-95	-1	58	54	9	36	56	-61	44	18	-93	97	99	42	32	87	51	-32	-42	83	64	-93	76	-7	33	-8	15	-82	-63	76	66	-1	-65	-79	-68	45	84	-69	-50	-89	71	-9	67	-6	43	37	-43	-69	10	81	-86	51	-39	3	77	-21	-52	95	-11
14	92	-9	58	64	49	-7	1	66	40	5	-1	18	68	-41	-78	79	-67	98	31	1	69	5	8	-3	-55	72	95	47	85	11	45	-45	-75	-44	65	-1	73	-16	-67	36	-18	62	5	18	34	42	-59	71	-45	-13	87	-39	10	-62	75	99	-33	-86	-46	-35	3	73	-16	-29	-18	91	-98	97	-81	31	-13	-57	-93	28	15	-89	41	-9	53	92	80	-82	-2	-26	40	-86	-13	55	68	-56	27	3	-84	42	24	76	-7	-23	-75
-39	14	40	-85	15	-67	2	-63	-95	53	-19	-80	86	93	-13	15	90	95	12	96	80	10	57	-87	-14	11	93	16	49	48	66	-71	2	47	-87	-69	-3	99	-28	21	-41	-92	73	-69	-48	-5	41	-48	-20	94	-36	82	-58	71	-79	13	-39	24	-61	43	19	-90	40	-98	74	62	-77	82	-49	72	-23	-67	47	7	30	96	39	50	81	70	96	85	-66	31	-2	-37	50	25	27	1	89	-16	8	-76	41	-65	45	-44	-78	-92
-22	-60	13	43	-97	66	59	18	-37	37	-77	37	-39	40	16	1	98	65	33	-50	-17	43	6	76	79	37	0	-46	31	48	39	-46	36	99	-48	-21	-40	-29	-11	85	-41	17	66	72	66	-57	8	37	-2	-89	33	-28	86	-62	35	10	51	75	-43	-66	-62	-51	99	-77	44	75	76	77	27	53	24	92	32	-90	24	50	19	21	-36	-96	-11	7	59	98	81	-99	20	37	-33	43	69	79	24	-87	66	-15	97	49	-27	45
75	28	-68	-71	41	99	76	15	29	-92	59	7	91	-97	-73	-39	-42	25	84	-62	33	92	-48	-36	73	15	-42	-86	-8	40	-70	64	70	-8	2	78	98	-6	89	0	-70	-51	33	44	97	55	11	50	-11	-70	56	-31	32	51	-93	60	-68	78	32	18	33	5	37	-60	58	30	-56	38	-34	99	-76	-1	-70	-42	29	-86	-33	-92	22	50	-68	65	-16	9	-77	-69	11	0	95	-49	-32	-46	-11	-59	-20	-81	22	2	77	-16
45	51	-5	-18	-32	76	98	-84	-21	33	-69	-90	91	50	-47	-93	-70	4	-55	11	79	63	43	4	87	89	-92	-40	3	-3	-59	-30	-89	-81	38	-6	26	-61	-57	10	89	11	-47	-3	-94	-85	60	79	29	-9	15	8	-45	-44	-23	-65	-67	63	-99	72	99	13	32	7	92	-34	-9	-79	-7	-39	63	1	-22	-12	-80	-14	-51	36	-51	3	62	23	-85	-65	-16	65	-2	-76	36	40	-59	-62	31	-21	-25	78	66	-19	-37	-82
38	98	-54	56	-68	75	-87	60	0	50	69	-50	53	8	-15	-7	34	-79	-63	5	38	-8	2	67	94	-43	-21	-42	-31	-12	89	13	56	44	25	-55	-77	39	-64	-10	-26	0	-43	30	-55	-82	38	-72	-29	-56	71	-72	22	47	-40	55	-88	-94	14	22	59	88	-21	-45	92	19	70	-66	-81	80	-91	-32	3	20	71	-70	27	-21	-63	28	-85	99	-44	20	-84	-34	-78	14	22	56	-67	93	-36	92	-52	-87	-61	-82	-83	-16
-60	-40	-26	-85	22	-90	37	85	-3	-99	91	-31	-27	44	21	-10	-61	79	77	-76	-15	-40	-76	-23	-18	67	-7	-12	-76	-64	-5	-11	-59	0	-27	-66	74	0	-42	95	-94	-75	-35	-50	3	0	0	-50	81	-68	-80	48	8	-16	-30	76	58	54	-26	-47	-24	-52	-93	-15	-49	-53	-85	90	-99	-23	60	-5	-2	-8	40	-84	-41	37	33	61	-62	-51	76	-31	-33	51	89	39	21	88	-68	19	87	32	2	30	-51	23	-33	70
24	90	62	0	36	46	-79	45	-37	-34	-46	-56	-20	-83	-75	87	17	-43	-80	70	7	-68	49	-27	-26	77	-80	44	-47	75	-29	-68	-43	-71	28	-4	17	-99	13	73	-89	4	-85	37	28	-78	23	-42	-36	67	-32	-7	49	-4	41	73	13	75	-19	-22	-97	97	41	91	-11	32	74	23	-56	-49	35	-63	73	66	86	-86	-85	-35	82	42	-18	-54	8	24	-38	17	-18	53	5	-85	98	-87	-38	-94	77	2	14	-12	9	-34
35	-46	99	-51	84	12	-36	-15	-22	93	-38	12	-27	-58	99	69	99	-1	-34	85	-76	-46	33	75	-71	-95	-49	-65	-31	78	11	-47	97	-37	-60	-82	20	56	50	69	99	-90	56	84	20	-4	52	-77	40	24	4	57	7	70	-17	85	22	19	-98	-44	94	11	33	-92	-14	-2	20	57	-4	-1	13	91	49	67	-4	-44	-53	87	-4	-92	-91	82	-93	76	57	-38	85	58	38	-90	-46	66	-7	23	93	68	15	20	-48	10
-39	87	-17	-97	17	-19	-86	-75	-74	-52	-31	40	-21	-35	-9	97	-27	-48	8	74	-57	80	-98	-82	-3	38	96	95	10	-8	-23	30	38	70	7	19	-83	-74	-81	-59	-11	27	1	17	23	-33	91	-58	-37	-60	-99	-40	88	11	-7	92	64	-94	93	90	-75	-45	-60	-74	90	94	98	97	-34	22	17	11	14	-21	-55	-91	35	99	-39	76	-79	56	16	-7	79	-30	-84	11	13	-78	61	42	17	-89	69	-99	23	-50	71	66
-40	60	65	-9	0	-27	58	-95	57	27	23	76	-94	9	-3	-8	38	62	36	-33	72	11	98	37	91	98	19	-17	-37	20	-95	60	-12	-38	27	74	30	-72	-34	6	36	85	93	87	-54	0	-10	-68	-9	-8	-12	32	93	78	52	82	70	-39	-67	-62	57	-19	3	43	37	-15	73	-19	63	-9	17	-42	-58	19	-83	40	6	57	-29	-83	64	64	64	-84	82	-7	6	57	-58	-10	0	-58	-51	96	90	-13	-67	52	59	5
54	55	70	21	46	58	-60	99	-79	-65	36	48	-96	-53	-15	-47	-25	-11	68	11	-95	58	24	60	1	-31	-8	96	-22	87	-88	81	99	23	71	-56	25	-34	56	70	-26	95	-77	71	-31	-68	-81	76	-86	-66	65	36	-26	41	36	-26	-97	-98	18	-13	-95	-21	46	-64	-84	-34	75	14	4	-55	-28	-85	60	58	-72	-90	-44	-60	41	-70	30	11	48	-47	-71	-34	30	-31	-30	-88	48	81	-71	-34	49	-96	-91	43	56	-84
3	-65	29	-84	44	-95	80	-21	68	17	-57	-54	-77	-48	-88	-13	47	56	-31	40	-34	-46	56	64	-45	-81	41	34	26	90	91	-49	43	-65	51	-54	59	-62	-34	26	-48	-57	84	-76	49	-93	-40	-17	-21	37	-28	-55	67	-91	87	88	11	21	91	-80	67	-79	19	0	-44	50	-74	-90	-60	83	62	-85	3	53	-37	77	-97	-70	-71	-37	18	9	-3	30	-56	-70	-2	53	37	-39	70	-15	45	97	-70	53	-59	27	-88	-97
83	-50	96	56	51	1	-67	-44	0	-50	-76	29	81	82	-12	79	-48	89	-47	8	-86	-83	85	-47	27	-11	34	18	-67	90	23	0	2	-89	-52	-98	-21	59	63	-76	2	-60	16	-79	-82	-63	-9	-4	2	-25	-72	8	73	93	-60	14	-86	-93	29	-88	-8	-22	55	69	88	-50	-55	14	-11	83	-27	-3	71	8	-31	36	-64	-1	-68	47	-98	95	-68	63	75	-87	84	67	-68	-34	0	86	9	64	98	-11	99	-44	75	60
-97	42	-45	83	-42	-6	39	71	-1	-3	-6	82	-16	-97	-89	-98	0	-41	-58	-32	32	59	59	26	63	21	-80	-45	-57	-11	75	-34	97	20	-70	31	20	19	-11	3	37	-34	-40	-79	25	78	23	-64	-59	-14	23	0	-62	-32	86	-31	64	87	-79	46	-31	9	33	55	45	68	-38	-37	27	-18	55	-42	82	-23	-41	-6	67	46	82	-60	-94	-75	17	72	-53	30	20	33	88	55	11	54	-4	-52	-48	-7	89	-99	64	61
-64	5	-68	54	30	3	4	24	-88	-89	49	29	-12	-74	74	13	96	-78	-11	-42	0	-46	-88	71	-58	-13	18	27	-37	-4	32	-10	64	-69	-62	50	-31	82	10	49	11	-93	-5	-57	95	-7	-49	-54	-34	-91	-80	-45	41	-48	-23	98	-56	54	3	-29	5	-54	14	-97	-16	97	-40	-47	-9	0	-4	-48	-79	-81	-47	-24	-51	36	-49	-87	-45	-97	-61	-20	85	7	-37	75	49	13	21	-1	28	13	-20	-24	41	23	-11	15
43	17	-66	-23	-38	26	-85	89	-6	-93	-49	4	65	-39	40	60	47	68	-59	-57	0	-94	-61	-52	-42	44	7	98	-60	15	32	-73	66	44	-84	-38	16	14	-71	-5	70	-82	0	-42	54	-46	66	64	44	28	73	-85	-32	-71	-21	-45	-95	-39	3	-89	6	19	-91	61	-60	33	-50	82	-47	73	30	59	-85	32	60	-60	6	-37	-62	44	15	94	-7	55	-66	-45	-58	-3	-9	-14	73	4	24	50	4	-81	-82	4	-40	88
34	-60	66	-32	30	-11	-30	63	-6	-13	-50	-66	37	49	-1	90	44	26	-80	-11	-37	-86	-35	53	50	1	50	99	92	84	-21	53	-38	95	-86	-59	79	-83	-50	13	6	29	-48	-55	-85	52	-82	21	80	37	95	34	-44	-8	0	93	70	-63	-76	-50	-52	-94	89	72	-59	-92	38	-90	17	-43	-32	-50	45	73	59	-39	38	-22	50	18	33	5	52	2	46	-33	-56	24	7	83	-85	-11	50	-78	-9	-76	-9	89	-37	-90
-91	-96	-14	53	85	-37	20	23	-8	84	-63	-69	-37	-10	25	19	-29	63	25	78	81	-36	-80	-6	-89	11	-14	-8	-3	62	31	-8	-71	-37	-94	-51	-98	-34	32	48	25	-6	96	74	-67	46	77	32	76	-79	-1	-44	56	83	-46	-1	57	-66	66	-75	43	-32	-21	-1	0	-95	-82	-74	50	27	97	-86	92	1	19	20	-60	71	-56	-38	42	86	-63	84	-96	-81	-9	-23	73	77	39	75	-32	-8	99	55	61	58	98	38
-54	75	62	80	48	-84	43	35	72	-14	75	-35	45	-94	8	8	-90	97	76	8	15	-89	-83	40	-10	85	32	72	-61	43	-21	-65	97	-9	6	-57	68	-50	0	-5	57	-6	94	25	27	-65	-65	-47	-46	51	-80	-49	-77	55	76	-12	-98	68	33	-37	-50	-80	74	61	-14	80	-68	-56	45	83	4	40	47	-82	-39	-40	7	-40	-72	-81	-93	-80	14	17	-84	-80	-18	93	-52	63	-80	80	50	96	-98	54	-43	-53	41	24
8	-97	-28	-34	66	-33	-44	13	74	-88	99	-19	-24	-94	-31	-6	19	42	16	-27	96	34	25	-50	67	27	9	-41	-63	83	3	-84	-43	59	-3	63	81	-46	22	55	72	-70	-56	-82	49	31	59	-62	-21	56	69	-81	-22	-69	-56	-62	57	-71	41	-42	-19	48	71	79	-47	95	-12	-89	-46	94	55	-50	57	36	21	-23	-85	-54	8	50	63	-37	53	-81	82	-56	10	-80	53	5	-85	-41	26	-76	44	44	-60	73	-56	14
-6	-99	-47	51	49	29	-70	29	55	64	35	91	-87	15	-74	51	55	-35	39	-72	-16	13	74	91	35	-91	-20	-4	44	-15	-39	54	-25	90	78	17	-43	-22	72	-14	85	-87	-2	-61	60	29	-90	72	-75	87	47	34	-56	52	-5	19	-62	67	-62	57	-73	58	47	11	-38	76	-78	-97	-34	37	-43	-50	1	-24	15	28	76	54	-89	60	10	36	91	34	-26	-68	2	-70	22	97	68	-37	67	-80	22	-24	-89	26	-8	49
-69	96	-30	-3	-70	77	52	49	-25	-21	-58	-48	-55	-85	70	96	-99	1	-30	19	65	-93	52	-87	24	-76	-42	13	38	32	8	15	35	74	-9	-12	60	-68	-24	66	90	-88	73	-6	87	81	33	-8	13	13	-47	36	-94	-36	37	50	-37	59	34	48	-65	-18	-95	92	64	-70	44	76	47	47	-30	7	-57	-80	68	21	-82	62	59	49	42	2	94	64	8	57	26	4	23	-82	-47	-33	-62	59	32	-94	-58	57	-52	36
-12	91	-73	-61	74	10	-37	88	82	87	-12	10	90	1	72	9	-44	-9	77	33	-20	70	69	-11	-44	14	91	-7	32	95	72	80	4	19	-65	29	-51	-39	-58	14	-50	-43	7	-45	85	-85	-44	59	70	-20	-94	54	-49	56	-55	17	61	5	-94	-77	-36	87	-69	99	-40	89	-98	10	16	90	24	54	-57	78	20	75	-85	-74	-42	-43	-77	-8	82	-17	-53	63	-44	8	48	71	-21	32	-53	52	4	-6	79	-52	-98	84
2	-14	18	-88	-82	-75	-79	-87	-87	-34	78	-98	-29	1	7	21	-49	0	-38	-47	-79	-48	35	-21	-91	4	-66	41	-1	3	82	0	36	3	-21	-97	8	27	-45	-91	26	-59	-56	15	-14	66	84	34	18	-18	-65	-20	15	-26	11	-1	-65	33	50	-67	-99	-42	57	3	40	23	-36	73	62	-69	-61	31	-44	-40	-57	-43	93	55	-53	-61	-81	84	-76	-54	99	-36	37	-65	39	-83	88	56	66	-16	-10	92	80	21	-18	42
63	66	-20	83	-30	-37	32	-24	79	54	-98	-96	11	89	4	43	-39	-72	-80	49	-43	21	-55	16	-44	79	60	-44	80	-8	84	-86	-31	-37	-9	-34	96	-95	-79	82	37	-67	-6	-39	-75	69	-91	28	80	-95	64	59	80	-21	57	56	66	-84	81	-14	-50	-77	14	-6	-83	-85	80	-1	85	-10	-98	83	-98	-6	-30	-77	-73	36	80	-93	15	20	-76	-17	80	45	4	-89	-51	-71	15	-99	79	-79	84	50	62	-45	72	-52
-70	63	56	65	5	57	83	-56	24	20	31	-78	0	2	13	15	90	72	-18	-3	38	-51	-92	16	-98	-5	-4	16	-11	11	57	17	-98	71	56	70	-22	-11	-69	63	92	-31	-97	-70	97	69	-51	-61	-72	-12	47	25	63	46	62	1	85	94	-7	4	-64	-57	1	91	99	66	-73	-97	-31	-98	33	16	-39	40	-48	64	9	52	-85	4	-25	-67	14	-65	-26	-79	-30	-98	-24	-48	23	-52	-3	21	-63	78	-70	-10	-44	55
-83	-13	70	-65	72	-9	59	88	-89	79	-74	-70	5	-35	-41	-44	17	79	28	38	-18	-7	-62	-6	-89	-41	73	-32	23	86	-96	40	87	49	-84	-97	87	13	-90	65	18	-68	46	82	-6	99	52	43	61	-19	35	-15	-1	4	31	-37	45	42	-98	-45	26	-9	63	36	1	-67	89	-68	-4	90	42	-23	58	-21	48	15	25	9	-48	39	51	-28	-93	16	-28	-1	-99	-51	0	-55	37	9	70	90	39	-48	-56	46	-87	84
78	0	-76	-67	-38	14	75	-55	91	-30	63	0	-19	-81	16	-96	80	54	-67	74	-8	99	-27	4	-83	31	84	-38	-78	54	-42	70	-71	95	19	92	-44	-38	99	37	-11	81	-95	-49	28	76	-56	-64	2	-63	-67	-67	31	-16	-51	-62	-6	-57	10	37	-99	41	-10	49	-47	87	67	93	-47	-42	-96	-60	-92	1	-72	-56	55	80	11	-66	-87	31	69	26	-2	16	-83	-48	-66	-59	-61	31	21	-62	23	-42	51	44	-30	-28
40	-13	64	-65	72	-44	17	31	-72	29	-88	-84	-58	26	-62	-43	-66	95	-59	79	-13	15	10	58	-32	-86	38	56	43	-29	-46	-10	-98	15	66	91	-8	87	-56	-23	-31	68	-24	83	16	-81	-25	-5	67	11	69	0	4	-84	-55	44	52	49	-84	-50	32	-37	-18	-89	13	-79	80	44	-36	87	7	61	44	40	-7	-39	-37	74	16	58	96	-47	96	50	36	70	-66	-81	-62	75	-5	-64	88	14	-88	57	-1	-41	84	-14
19	22	-34	32	-89	-98	-45	-53	-10	-7	-27	-27	95	21	28	-72	71	69	74	81	28	-31	48	-8	7	-60	-43	41	-10	-61	37	-84	-41	-66	-74	-28	-87	74	-30	80	27	72	25	-46	-67	51	87	67	5	-62	-77	20	11	34	39	43	-47	-28	26	41	-71	49	-51	-39	49	-55	50	-71	42	23	35	38	-24	47	-78	85	-12	72	70	69	27	98	61	-38	-6	-63	27	-50	-96	9	-91	-26	23	-24	-47	-70	-85	19	65	51
52	-72	-71	-86	26	23	-25	13	70	-33	28	49	3	54	-75	74	40	-29	62	-33	-39	35	94	-60	15	95	-5	22	80	36	-33	75	14	40	65	-26	-92	-10	31	77	-30	-9	-50	-98	-55	12	76	92	-81	-75	-26	-21	59	84	84	52	-97	74	0	7	54	-45	40	-13	55	26	9	88	94	55	89	63	86	50	-57	-81	-96	-77	-83	66	-68	31	-10	-85	54	26	-63	-43	7	62	22	-76	-52	-23	-66	-57	-8	44	78	-24
-41	-47	-80	-67	-20	40	-35	82	-77	-5	-99	67	98	-79	67	24	13	-16	73	65	15	19	-37	94	58	-14	-62	-73	-68	59	-3	7	-74	22	44	-88	74	-89	82	41	-60	15	-27	-59	61	-3	81	-51	-40	-79	-87	4	-75	-53	-81	84	57	-30	-23	66	-75	8	-23	-36	34	73	27	80	-75	-68	-23	-50	-22	-78	-17	-20	66	50	-28	-78	83	-3	-16	-37	61	-97	9	79	65	-96	-51	-66	-44	52	71	-30	4	-42	72	-2
4	40	91	0	9	15	12	72	98	27	-96	-96	-31	33	49	22	-82	-88	-55	70	-73	-35	49	-98	83	-92	-79	-22	-38	83	84	66	38	13	1	-80	-54	-85	81	81	-50	33	10	95	-1	-72	97	80	4	-28	-46	1	-29	-7	67	53	96	-64	55	92	11	-5	69	4	-39	79	-39	43	-3	2	45	4	-61	-26	63	25	-46	-39	-89	64	60	-22	73	-65	-13	69	-87	-27	-65	56	66	-59	-78	-45	8	-44	-28	-66	83	-44
72	2	-4	-14	31	85	89	-1	-54	-40	-14	5	71	-54	56	43	0	-24	-28	-71	84	-41	34	-44	-97	-24	32	-81	83	58	-3	-16	-77	43	-54	-82	-74	-45	-9	-53	90	13	17	95	69	-41	69	83	-28	-13	77	25	-95	75	-35	1	32	21	92	-50	78	37	31	-19	-2	-96	-86	93	-82	-19	43	-47	56	-58	-79	-45	-40	-50	-41	-24	-28	53	-39	85	-83	45	60	-72	-27	82	-25	-86	-16	-41	-92	24	-71	-36	4	-52
13	-32	-29	-34	-31	90	43	92	-30	-75	-68	-38	68	7	61	-96	-12	30	-82	51	2	17	52	-91	94	-23	-17	-95	75	44	33	-8	3	21	94	-68	-4	12	-57	47	-56	-48	-79	-46	-65	25	-88	52	-91	97	-53	79	65	-73	32	-80	-23	63	46	86	88	-27	-9	89	-30	36	36	-30	-84	-13	73	-88	79	44	-46	-55	-1	55	29	96	77	-10	-37	13	-62	-40	-77	-72	18	2	-10	44	-27	-78	-2	45	92	42	92	97
-25	-52	5	-78	-73	-82	56	82	-57	60	-10	20	-82	-99	51	-86	26	34	89	-18	-71	-56	-12	6	-45	-23	66	33	-50	93	-93	90	40	75	14	-31	0	91	-37	-89	73	83	-1	16	85	-82	24	14	6	44	66	17	90	-85	23	32	-31	-80	-66	4	-93	-81	-78	-15	-28	-80	-1	24	-79	65	-95	-83	-43	38	72	82	-24	65	28	33	37	44	-75	-93	54	-33	-90	90	55	-83	-11	-54	-20	-27	-24	-88	47	-26	-12	-62
-98	-21	70	-30	-16	66	79	22	-55	-11	-20	26	9	-72	-44	-85	75	11	-63	21	-56	4	89	37	-90	-5	27	5	-29	26	-39	73	14	-33	12	-48	-40	21	99	-20	-32	-86	-87	40	23	19	35	-93	-23	-54	65	15	-60	-56	-64	-59	22	-12	1	-7	2	16	-85	-5	59	-94	-96	-50	-92	83	-30	85	69	-88	-76	60	22	98	45	-32	-11	0	25	-81	49	86	79	99	-3	-30	-79	86	65	-40	9	20	49	30	16	-26
-86	3	-70	51	27	33	20	-30	16	8	-58	64	49	-72	37	40	-91	6	94	-46	-41	3	26	-43	40	77	-39	-22	17	-23	72	-68	1	-31	65	-22	51	89	-61	92	50	18	-80	9	-95	29	70	65	64	67	-24	89	20	-1	36	50	-90	94	-83	59	-68	-52	94	47	6	45	-84	-93	90	29	36	24	-26	12	93	-67	92	-51	88	-64	-21	-88	-44	-28	66	-14	-26	50	-50	-98	8	10	0	-35	-73	-64	-86	8	-21	98
-68	-69	77	-67	12	23	-43	-34	20	-61	-73	-57	-72	-12	-28	-40	-23	23	-12	-31	95	-22	88	-18	78	9	37	48	-38	-52	65	3	96	10	8	-4	3	-2	17	-96	32	-15	42	-26	-2	-81	43	-84	-65	31	66	96	-71	-18	-36	-54	15	-84	93	0	63	-11	-15	3	1	-10	72	-3	82	-34	52	59	10	53	-24	26	-31	67	40	-6	9	-51	85	21	71	-8	74	22	-49	44	-74	-35	-66	-32	16	60	-30	80	-37	43
85	-49	-8	63	21	-26	-82	52	-99	35	3	-64	47	49	68	6	83	-4	10	-19	11	22	-17	55	1	19	-60	43	37	83	-95	-59	-34	70	91	-87	34	-62	-79	0	-70	-87	-37	-35	63	-2	22	92	-8	28	-67	77	47	-17	89	-8	73	99	-52	-13	1	91	-19	63	86	-16	57	-32	-43	-46	15	56	98	78	23	-67	-70	56	-20	55	29	3	32	-71	-86	-44	84	44	-12	-36	41	77	-10	43	-47	-86	-48	-22	71	96
-53	77	-7	23	74	-92	52	97	36	-20	-59	-32	68	-56	51	58	81	2	11	31	-57	28	98	66	-38	2	-80	-8	-87	22	-29	-23	-82	94	43	99	-24	-63	-83	-24	76	85	-26	-95	-81	22	-63	34	82	-58	49	1	-3	80	16	85	6	-34	-81	20	-29	-50	78	38	0	-54	72	51	92	91	71	-30	3	-72	72	50	85	53	64	-34	53	31	5	-15	60	-64	30	-86	-38	53	15	54	-4	55	38	47	-80	-80	51	55
-58	32	-26	-74	-93	57	-39	41	25	97	-41	29	3	-49	-50	-18	33	33	14	98	83	-7	64	41	26	-6	7	-92	85	92	9	-7	-43	27	-34	99	-87	60	0	-29	-74	-44	-97	55	88	-65	-83	58	5	28	-81	85	-32	-74	-41	70	73	-44	31	92	40	-68	20	-70	-27	63	79	-94	-59	-36	56	-77	49	-55	78	-42	-32	8	-15	74	88	81	30	-76	15	11	36	39	-62	-3	-92	25	97	-47	-41	97	-63	-50	-27	44
-85	45	-86	-36	-92	-9	-42	-68	15	-25	-32	-87	-75	41	-24	47	-75	0	-4	-11	-9	-25	-35	93	-19	-47	8	73	-14	3	11	-14	-96	78	-4	-83	3	-78	59	-93	-47	15	32	-17	41	55	-30	73	-71	22	77	-19	-53	31	36	43	82	-16	97	-91	90	86	-59	-90	-87	-59	33	-39	-45	-67	-51	90	90	-16	-86	45	10	53	-12	-36	-68	-4	-90	-63	53	53	-14	72	4	-29	76	-47	-24	94	63	-9	79	19	-55	80
